freq_GHz,S21_dB,S31_dB,S41_dB,S51_dB,S61_dB
1.000000000000000021e-02,-7.230422457599999575e+01,-7.399150752299999567e+01,-8.481723050600000136e+01,-7.426615776299999538e+01,-7.632643118100000379e+01
3.001001001000000099e-02,-9.482491357099999618e+01,-8.753325709899999651e+01,-7.814094745799999941e+01,-7.900347614099999305e+01,-7.876986516799999549e+01
5.002002002000000003e-02,-7.591960030900000334e+01,-7.623259820799999886e+01,-7.719739676199999678e+01,-7.960035948499999847e+01,-9.038701498300000026e+01
7.003003002999999560e-02,-7.816211992099999861e+01,-7.058557930700000327e+01,-8.353184988399999611e+01,-7.635423653499999830e+01,-7.911694790599999294e+01
9.004004004000000505e-02,-8.250408914899999502e+01,-9.009973925100000258e+01,-9.166788146300000051e+01,-8.861016447599999424e+01,-8.530728351999999859e+01
1.100500500500000006e-01,-9.551213422799999364e+01,-7.625985974600000361e+01,-8.386143276800000024e+01,-7.685432364700000107e+01,-7.856433272099999954e+01
1.300600600600000101e-01,-7.872099856200000545e+01,-8.114851089799999784e+01,-7.924319341599999689e+01,-7.843493929699999967e+01,-7.623632737100000156e+01
1.500700700700000056e-01,-8.151572705200000257e+01,-7.945165425000000425e+01,-9.185575203599999838e+01,-8.617043615699999748e+01,-8.347775312199999576e+01
1.700800800800000012e-01,-7.583892426600000647e+01,-7.974204129000000307e+01,-8.876540419399999848e+01,-7.600848948399999472e+01,-7.789361785299999497e+01
1.900900900899999968e-01,-7.662650040299999432e+01,-7.204751324599999407e+01,-7.760280267100000628e+01,-8.047206748300000356e+01,-8.085509024899999986e+01
2.101001000999999924e-01,-7.587077838000000440e+01,-8.684894915200000298e+01,-8.510072553700000242e+01,-7.997829973199999642e+01,-9.015426990599999613e+01
2.301101101100000157e-01,-8.242684080499999766e+01,-7.803787931399999422e+01,-8.705203843600000368e+01,-8.331243673599999511e+01,-7.626372219200000302e+01
2.501201201200000113e-01,-8.317047325199999364e+01,-7.820396854099999473e+01,-7.739108334399999478e+01,-8.748852512099999501e+01,-8.242569081499999584e+01
2.701301301299999791e-01,-7.448952870600000153e+01,-7.549193257999999673e+01,-7.398894093900000257e+01,-9.445326793399999588e+01,-8.248387211799999363e+01
2.901401401400000024e-01,-7.657857579000000214e+01,-8.682616464699999881e+01,-7.800611134000000391e+01,-8.362393530399999975e+01,-8.201499448200000586e+01
3.101501501499999702e-01,-1.032493776700000012e+02,-7.906350934600000357e+01,-7.805945516799999950e+01,-7.492829682599999330e+01,-8.254174554300000466e+01
3.301601601600000491e-01,-9.129352434899999480e+01,-8.160577756899999713e+01,-7.678771644600000457e+01,-8.103777406400000416e+01,-7.973005341500000043e+01
3.501701701700000169e-01,-8.464335387799999921e+01,-8.563314605700000470e+01,-7.559468535999999972e+01,-7.631318793399999834e+01,-7.386730164600000137e+01
3.701801801799999847e-01,-8.781121531499999833e+01,-7.888038290900000504e+01,-8.029058088899999746e+01,-7.807734569000000135e+01,-8.282389910199999861e+01
3.901901901900000080e-01,-7.743632714400000339e+01,-7.915038292699999545e+01,-7.867470608499999685e+01,-8.201204104999999345e+01,-8.009318549600000381e+01
4.102002001999999758e-01,-7.815723032299999318e+01,-7.621142716299999620e+01,-8.448467328499999951e+01,-7.249118072900000698e+01,-7.215472111500000096e+01
4.302102102099999992e-01,-7.589644284599999935e+01,-8.120982785299999307e+01,-8.396734916100000135e+01,-8.526825997599999596e+01,-8.100419636700000581e+01
4.502202202200000225e-01,-8.249358853699999372e+01,-8.445180035299999588e+01,-7.387094920600000592e+01,-8.280559323500000346e+01,-7.692580872899999633e+01
4.702302302300000458e-01,-7.604900834800000098e+01,-7.801041855100000078e+01,-8.004871019499999818e+01,-7.546875334099999577e+01,-7.735392566100000522e+01
4.902402402400000136e-01,-8.346852984299999889e+01,-7.389189499399999761e+01,-7.076200316099999554e+01,-8.278750270999999827e+01,-8.391488069999999766e+01
5.102502502500000370e-01,-7.857988274500000614e+01,-7.636134661299999493e+01,-7.824888403900000355e+01,-8.424784003700000312e+01,-7.931971817100000521e+01
5.302602602599999493e-01,-8.097982664600000646e+01,-7.743771055800000624e+01,-7.700056841100000327e+01,-7.323890263399999867e+01,-7.622063371199999438e+01
5.502702702699999726e-01,-7.696377218700000356e+01,-8.371723998000000222e+01,-6.703607616600000085e+01,-7.542903280400000199e+01,-6.514673833400000547e+01
5.702802802799999959e-01,-7.426788143400000308e+01,-6.870237572599999964e+01,-6.482774946000000682e+01,-7.445893456100000662e+01,-6.350304656800000203e+01
5.902902902899999082e-01,-7.686715431000000365e+01,-7.382044249199999797e+01,-6.015736574499999989e+01,-7.378924600999999939e+01,-6.344119114299999751e+01
6.103003002999999316e-01,-9.319162758000000224e+01,-7.356238518499999657e+01,-6.285025136699999848e+01,-7.224084704800000623e+01,-6.174761259400000313e+01
6.303103103099999549e-01,-6.839049438700000394e+01,-6.685004453199999830e+01,-5.674955331599999653e+01,-6.504308245299999669e+01,-5.698692343999999821e+01
6.503203203200000893e-01,-7.256175499200000445e+01,-7.199457245000000682e+01,-5.809896986199999702e+01,-7.340023423799999591e+01,-5.624073996900000338e+01
6.703303303300000016e-01,-6.471119738100000518e+01,-6.029515097099999821e+01,-5.551226893799999829e+01,-6.926238212900000235e+01,-5.496445221399999781e+01
6.903403403400000249e-01,-6.866940963000000409e+01,-6.157999606500000311e+01,-5.186024419900000026e+01,-7.407122446699999330e+01,-5.320111112899999739e+01
7.103503503500000482e-01,-6.587582685600000332e+01,-6.362150693000000246e+01,-5.270973861499999913e+01,-7.345116302499999961e+01,-5.267353921299999797e+01
7.303603603599999605e-01,-7.335722688399999925e+01,-5.755279998700000021e+01,-5.234917455400000108e+01,-7.106940252299999372e+01,-5.143361832499999764e+01
7.503703703699999839e-01,-6.294831229500000092e+01,-5.847531711300000268e+01,-5.150665767699999975e+01,-7.071224233300000606e+01,-5.181002366999999964e+01
7.703803803800000072e-01,-6.010053402599999828e+01,-5.753022558800000041e+01,-5.032089964800000104e+01,-6.784639101099999436e+01,-5.091428142499999865e+01
7.903903903900000305e-01,-6.024315357199999710e+01,-5.645251605299999653e+01,-4.915317699799999929e+01,-7.010466755299999875e+01,-5.043301020999999906e+01
8.104004003999999428e-01,-5.890924652599999689e+01,-6.142399487099999789e+01,-4.898755811400000226e+01,-7.136152828599999509e+01,-5.018885375899999701e+01
8.304104104099999661e-01,-5.647455216099999831e+01,-6.150521904600000056e+01,-4.735801348500000074e+01,-6.497374800900000480e+01,-4.964772662200000042e+01
8.504204204199999895e-01,-5.635730483999999763e+01,-5.555058934499999879e+01,-4.785934727800000132e+01,-6.256855255699999674e+01,-4.932527586100000150e+01
8.704304304299999018e-01,-5.501483508300000125e+01,-5.349927080199999807e+01,-4.758427028300000217e+01,-6.283846129300000172e+01,-4.964797414400000264e+01
8.904404404400000361e-01,-5.547276343400000087e+01,-5.535576841799999670e+01,-4.759629056200000008e+01,-6.206004519799999741e+01,-4.883828903500000251e+01
9.104504504500000595e-01,-5.669231125299999974e+01,-5.632348781400000348e+01,-4.839303968800000177e+01,-6.044126907300000084e+01,-4.915495994300000149e+01
9.304604604600000828e-01,-5.709047092899999853e+01,-5.885506048500000276e+01,-4.821140645399999869e+01,-6.571710721899999896e+01,-5.043049027200000012e+01
9.504704704699999951e-01,-6.049203233499999754e+01,-6.356753980399999904e+01,-4.856909072199999855e+01,-6.544074297900000659e+01,-5.045532181800000160e+01
9.704804804800000184e-01,-6.048153251800000163e+01,-5.854238274099999728e+01,-4.927161067099999769e+01,-6.525580866500000354e+01,-5.060048632699999871e+01
9.904904904900000417e-01,-6.078413603900000339e+01,-6.217705017299999781e+01,-4.913433021800000233e+01,-6.969569435600000418e+01,-5.042316769399999998e+01
1.010500500500000065e+00,-5.799213437899999946e+01,-6.626443919499999424e+01,-4.872943609499999695e+01,-6.243105383599999669e+01,-4.979966520800000040e+01
1.030510510500000088e+00,-6.202772356799999898e+01,-6.200873313299999978e+01,-5.143936039500000135e+01,-6.261631927100000183e+01,-5.045108471199999656e+01
1.050520520500000110e+00,-6.229949666699999966e+01,-7.091287214800000527e+01,-5.028739115900000201e+01,-6.670794181899999842e+01,-4.954366698700000171e+01
1.070530530499999911e+00,-7.535714836699999353e+01,-6.679932378399999493e+01,-5.027109408999999829e+01,-6.177633813399999951e+01,-4.873569943799999749e+01
1.090540540499999933e+00,-6.628985414400000309e+01,-6.120503754199999946e+01,-4.891338038800000021e+01,-6.360648652100000078e+01,-4.805708382699999959e+01
1.110550550599999964e+00,-7.654550670099999365e+01,-6.151247991500000012e+01,-4.974127290799999912e+01,-7.041281136000000629e+01,-4.771234826500000281e+01
1.130560560599999986e+00,-6.620765416000000414e+01,-6.057784020300000094e+01,-4.816831874500000055e+01,-7.313393324700000164e+01,-4.682028150400000044e+01
1.150570570600000009e+00,-6.533985646700000416e+01,-6.795282312599999841e+01,-4.921667863599999748e+01,-7.038798712199999841e+01,-4.595811651900000072e+01
1.170580580599999809e+00,-7.161396480400000542e+01,-7.346422673499999689e+01,-4.857832719700000013e+01,-6.660564437399999349e+01,-4.602377248300000190e+01
1.190590590599999832e+00,-6.273773716499999864e+01,-6.713492106399999670e+01,-4.733038865599999667e+01,-6.273554990600000281e+01,-4.501654016500000210e+01
1.210600600599999854e+00,-7.296857236900000032e+01,-7.027750513700000567e+01,-4.631481766400000311e+01,-7.807163280700000030e+01,-4.356872644199999911e+01
1.230610610599999877e+00,-7.753514335399999879e+01,-6.310178816500000210e+01,-4.534561527700000028e+01,-6.663280027999999788e+01,-4.311416986700000109e+01
1.250620620599999899e+00,-7.036395701099999656e+01,-6.580637330599999757e+01,-4.454633812400000181e+01,-6.072748694199999875e+01,-4.214335180399999814e+01
1.270630630599999922e+00,-6.981517530600000043e+01,-7.096563624899999922e+01,-4.394645044699999659e+01,-6.102993603600000228e+01,-4.078350860399999789e+01
1.290640640599999944e+00,-6.169849189400000000e+01,-7.282442162300000632e+01,-4.256385816600000283e+01,-6.006139246699999745e+01,-4.092296175999999974e+01
1.310650650699999975e+00,-5.957680462399999755e+01,-6.637290408399999819e+01,-4.335983860799999690e+01,-5.723156929200000320e+01,-3.966356942600000224e+01
1.330660660699999998e+00,-5.825171117899999729e+01,-7.514124557899999957e+01,-4.287572435999999954e+01,-5.527863486700000095e+01,-3.978892708299999725e+01
1.350670670700000020e+00,-5.775088583099999795e+01,-5.936978420900000231e+01,-4.287822784000000098e+01,-5.612057871900000094e+01,-3.908540604699999932e+01
1.370680680700000043e+00,-5.612803698799999808e+01,-5.744429941700000342e+01,-4.301694423800000067e+01,-5.508887877600000138e+01,-3.797501637700000288e+01
1.390690690700000065e+00,-5.615605413699999815e+01,-5.507954065900000273e+01,-4.127602486699999673e+01,-5.463965245800000048e+01,-3.735830887499999875e+01
1.410700700700000088e+00,-5.472859635599999706e+01,-5.854850360799999720e+01,-3.986986741300000148e+01,-5.566402850899999777e+01,-3.631726161899999994e+01
1.430710710700000110e+00,-5.394705091499999838e+01,-5.631285893399999765e+01,-3.860624082799999712e+01,-5.311720808900000179e+01,-3.551849762500000196e+01
1.450720720700000133e+00,-5.265783540299999999e+01,-5.647280379000000039e+01,-3.813387514800000133e+01,-5.422467685299999829e+01,-3.500149196299999943e+01
1.470730730700000155e+00,-5.163321701499999961e+01,-5.420509073099999853e+01,-3.807851200599999686e+01,-5.540830839600000246e+01,-3.472418838899999827e+01
1.490740740699999956e+00,-4.917335258600000003e+01,-5.405332540199999869e+01,-3.780377123899999958e+01,-5.848839453099999730e+01,-3.399374197200000225e+01
1.510750750799999986e+00,-5.076284362500000213e+01,-5.374200381400000026e+01,-3.588811922699999712e+01,-5.872600660799999872e+01,-3.310030842999999834e+01
1.530760760800000009e+00,-5.261513116900000142e+01,-5.181949892800000157e+01,-3.414204050000000024e+01,-6.027669139000000342e+01,-3.167952349700000170e+01
1.550770770800000031e+00,-5.409135531399999763e+01,-5.420036134099999714e+01,-3.375224759299999988e+01,-5.752972579699999756e+01,-3.084166354099999907e+01
1.570780780800000054e+00,-5.144402891099999664e+01,-5.950154909100000111e+01,-3.350220790899999912e+01,-5.452936678599999709e+01,-3.032884370700000076e+01
1.590790790799999854e+00,-5.015112658399999646e+01,-5.745020966199999890e+01,-3.332696043699999677e+01,-5.320306263999999885e+01,-2.986965158099999940e+01
1.610800800799999877e+00,-5.064682716200000101e+01,-7.458520288900000139e+01,-3.351560554099999933e+01,-5.136324084099999965e+01,-3.012284770000000123e+01
1.630810810799999899e+00,-4.882804346999999723e+01,-5.694623159700000059e+01,-3.302220483600000023e+01,-5.254627478999999823e+01,-3.026986022699999879e+01
1.650820820799999922e+00,-4.713833864699999765e+01,-5.473130573499999940e+01,-3.236919809399999792e+01,-5.148339594499999805e+01,-3.005188071399999927e+01
1.670830830799999944e+00,-4.645557914799999821e+01,-5.496573514899999680e+01,-3.136679710900000018e+01,-4.992617352599999947e+01,-2.907420005000000174e+01
1.690840840799999967e+00,-4.711058305200000262e+01,-5.512748734099999837e+01,-3.012447985700000075e+01,-5.054467563000000041e+01,-2.870015131999999980e+01
1.710850850899999998e+00,-4.605770875999999703e+01,-4.749892560400000008e+01,-2.931500727299999909e+01,-5.423668323999999785e+01,-2.854141023300000057e+01
1.730860860900000020e+00,-4.692905164199999746e+01,-4.554375463200000240e+01,-2.965486485699999974e+01,-6.059407943600000124e+01,-2.869059116100000040e+01
1.750870870900000043e+00,-4.834868698100000017e+01,-4.643089240399999795e+01,-3.095075229300000075e+01,-6.227671951199999967e+01,-2.905862357199999835e+01
1.770880880900000065e+00,-4.728354382599999894e+01,-4.852243200899999920e+01,-3.141361565000000056e+01,-5.885035497199999810e+01,-2.970073700100000025e+01
1.790890890900000088e+00,-4.909924305999999916e+01,-4.789057634099999916e+01,-3.210280542600000331e+01,-5.913443528700000229e+01,-3.051017052499999949e+01
1.810900900900000110e+00,-4.986766737100000313e+01,-4.850487056499999738e+01,-3.339980301599999990e+01,-5.837487555100000236e+01,-3.122756672999999950e+01
1.830910910900000133e+00,-5.371436977300000137e+01,-4.890899535399999820e+01,-3.491023573300000038e+01,-6.637866159099999663e+01,-3.266478545700000069e+01
1.850920920900000155e+00,-6.153312027500000170e+01,-5.111421818699999875e+01,-3.597948672799999770e+01,-6.095493588400000107e+01,-3.367039314200000177e+01
1.870930930900000178e+00,-6.538117578700000365e+01,-5.916988381400000208e+01,-3.622110384199999800e+01,-6.644415014099999439e+01,-3.424015018200000071e+01
1.890940940900000200e+00,-5.664708343400000246e+01,-5.460156297900000055e+01,-3.569575768699999685e+01,-6.488901958799999647e+01,-3.436130070400000136e+01
1.910950951000000009e+00,-5.347865482600000320e+01,-5.410889516600000348e+01,-3.500977201599999944e+01,-5.857625547100000318e+01,-3.422926239499999923e+01
1.930960961000000031e+00,-5.130072678399999830e+01,-5.847199654900000354e+01,-3.432326028500000348e+01,-5.646033192499999842e+01,-3.357296078099999903e+01
1.950970971000000054e+00,-5.262381379699999684e+01,-5.589970085499999897e+01,-3.402077518000000111e+01,-5.690530683099999720e+01,-3.291139662100000152e+01
1.970980981000000076e+00,-5.176766988100000333e+01,-5.304796998599999824e+01,-3.372555139899999688e+01,-5.848992291999999793e+01,-3.193324261600000114e+01
1.990990991000000099e+00,-5.293453380399999730e+01,-5.739549347500000209e+01,-3.344539575999999670e+01,-6.333852309000000247e+01,-3.195559284899999852e+01
2.011001000999999899e+00,-5.125979954700000008e+01,-5.509960749999999763e+01,-3.334290507299999717e+01,-6.049072665799999982e+01,-3.201205037799999786e+01
2.031011010999999922e+00,-5.046498274399999673e+01,-5.356724659700000046e+01,-3.326223652099999839e+01,-6.464723464799999419e+01,-3.204249936200000093e+01
2.051021020999999944e+00,-5.094417978399999924e+01,-5.095138273399999918e+01,-3.218775357399999848e+01,-6.201541880399999940e+01,-3.214368743499999681e+01
2.071031030999999967e+00,-5.210054279399999899e+01,-5.077574281900000130e+01,-3.183667687000000157e+01,-5.899239029200000317e+01,-3.282575482499999708e+01
2.091041040999999989e+00,-5.223852837199999755e+01,-4.777799586700000134e+01,-3.126177253699999881e+01,-7.361547465399999624e+01,-3.284663353300000210e+01
2.111051051100000020e+00,-5.542920859299999847e+01,-4.705954468400000223e+01,-3.138153555999999966e+01,-6.339540389999999803e+01,-3.274599157600000154e+01
2.131061061100000043e+00,-5.328955129300000237e+01,-4.607821108699999968e+01,-3.102578219600000153e+01,-5.872030326600000194e+01,-3.253132726799999830e+01
2.151071071100000065e+00,-5.186261963199999769e+01,-4.603477228199999871e+01,-3.049147277000000145e+01,-5.669772515500000054e+01,-3.256324820900000105e+01
2.171081081100000088e+00,-4.944712224399999911e+01,-4.663392384400000168e+01,-3.001535564499999964e+01,-5.632958002899999883e+01,-3.225720194200000179e+01
2.191091091100000110e+00,-5.070977399099999872e+01,-4.805967467600000020e+01,-2.946276392200000060e+01,-5.644566779600000217e+01,-3.235821897000000291e+01
2.211101101099999688e+00,-4.865439895200000109e+01,-4.656352988700000139e+01,-2.919400853100000148e+01,-5.359884692800000039e+01,-3.233901256299999716e+01
2.231111111099999711e+00,-4.817171338200000008e+01,-4.731229583399999683e+01,-2.887619825999999890e+01,-5.288665227300000282e+01,-3.278727565199999816e+01
2.251121121099999733e+00,-4.939404024899999968e+01,-4.769373126800000051e+01,-2.863902983899999910e+01,-5.312964585800000350e+01,-3.284490502799999945e+01
2.271131131099999756e+00,-4.774280073399999935e+01,-4.932827457199999799e+01,-2.871042559900000057e+01,-5.493146324399999969e+01,-3.282843974200000048e+01
2.291141141099999778e+00,-4.904486432699999909e+01,-5.151428087299999703e+01,-2.881535442899999921e+01,-5.574040316399999995e+01,-3.274736330500000037e+01
2.311151151199999809e+00,-5.064227092200000158e+01,-5.065080327999999810e+01,-2.883855210100000122e+01,-5.327734712800000239e+01,-3.278967856500000266e+01
2.331161161199999832e+00,-4.908841976200000090e+01,-5.084018085400000331e+01,-2.894424389199999936e+01,-5.302813757300000219e+01,-3.213557047500000152e+01
2.351171171199999854e+00,-4.856598668200000191e+01,-4.910190954899999838e+01,-2.911622554899999926e+01,-5.187784105800000134e+01,-3.121893482500000161e+01
2.371181181199999877e+00,-4.865635689100000150e+01,-4.768983361600000137e+01,-2.874239060200000040e+01,-5.175645601000000084e+01,-3.047660245699999848e+01
2.391191191199999899e+00,-4.876950597300000112e+01,-4.629220245500000175e+01,-2.897279157499999869e+01,-5.356765312200000295e+01,-2.979212370799999832e+01
2.411201201199999922e+00,-5.041720456499999869e+01,-4.769940773799999789e+01,-2.933048415600000070e+01,-5.287222699800000214e+01,-2.988770394499999838e+01
2.431211211199999944e+00,-5.040701481300000353e+01,-4.859272439600000126e+01,-2.927043175900000094e+01,-5.132023678400000222e+01,-3.017764889400000072e+01
2.451221221199999967e+00,-4.969012443999999817e+01,-4.697110233699999782e+01,-2.903905679000000006e+01,-5.123684924799999862e+01,-3.050628389499999926e+01
2.471231231199999989e+00,-5.047840557899999681e+01,-4.586928158999999994e+01,-2.919076075999999986e+01,-5.154677963900000037e+01,-3.094038827700000027e+01
2.491241241200000012e+00,-4.995202066699999932e+01,-4.673358043100000003e+01,-2.913512212199999851e+01,-5.024636008899999950e+01,-3.129663961800000038e+01
2.511251251300000042e+00,-4.819597623700000355e+01,-4.694838637000000148e+01,-2.913250375000000147e+01,-5.088856943599999738e+01,-3.184729111400000079e+01
2.531261261300000065e+00,-5.168531348599999831e+01,-4.610544293600000287e+01,-2.964738317200000139e+01,-5.268319122999999848e+01,-3.271857546100000036e+01
2.551271271300000087e+00,-5.419878350199999772e+01,-4.572148027000000070e+01,-2.999013066899999913e+01,-5.408239914199999987e+01,-3.345580686200000287e+01
2.571281281300000110e+00,-5.128056985100000276e+01,-4.440342853700000347e+01,-3.057513593699999888e+01,-5.582907065799999913e+01,-3.428553393899999691e+01
2.591291291300000132e+00,-5.348251726600000211e+01,-4.470691113099999825e+01,-3.118414475999999880e+01,-5.658402886500000051e+01,-3.528879613899999867e+01
2.611301301300000155e+00,-5.193002980199999996e+01,-4.539572188199999658e+01,-3.164047512699999842e+01,-5.749245854899999841e+01,-3.612194521100000344e+01
2.631311311300000177e+00,-5.515522731899999798e+01,-4.493508805399999773e+01,-3.231937130000000025e+01,-5.214454668999999853e+01,-3.666275459100000234e+01
2.651321321300000200e+00,-5.253674288799999914e+01,-4.484777669500000030e+01,-3.306698796199999890e+01,-5.435215573899999697e+01,-3.698996323899999794e+01
2.671331331300000222e+00,-5.069993392500000340e+01,-4.527766917900000010e+01,-3.394369476800000029e+01,-5.308598246500000073e+01,-3.651407503200000093e+01
2.691341341300000245e+00,-5.232100956899999744e+01,-4.818675421500000056e+01,-3.424604549099999673e+01,-5.304977887199999742e+01,-3.640330439699999943e+01
2.711351351400000276e+00,-5.171208047700000066e+01,-4.792753937799999875e+01,-3.519496503100000240e+01,-5.290289404100000326e+01,-3.610593855799999830e+01
2.731361361400000298e+00,-5.294411643600000161e+01,-4.925451493199999931e+01,-3.618902616500000136e+01,-5.236400952799999686e+01,-3.560077557599999665e+01
2.751371371399999877e+00,-5.147556687000000153e+01,-5.019467603399999689e+01,-3.706170691999999889e+01,-5.299498647299999732e+01,-3.504920776499999846e+01
2.771381381399999899e+00,-5.447697056900000234e+01,-4.956906368500000326e+01,-3.863563421199999937e+01,-5.797544484200000170e+01,-3.460674277399999710e+01
2.791391391399999922e+00,-5.222150460200000310e+01,-5.060707296000000355e+01,-4.011811882100000304e+01,-5.886005525099999858e+01,-3.472831637299999841e+01
2.811401401399999944e+00,-4.954305366100000185e+01,-5.009320277799999843e+01,-4.142833542799999691e+01,-5.850928688700000180e+01,-3.505947412300000110e+01
2.831411411399999967e+00,-5.174748159600000008e+01,-5.303400923899999952e+01,-4.382338747699999715e+01,-6.119881889399999864e+01,-3.453991780999999861e+01
2.851421421399999989e+00,-5.365419614099999990e+01,-5.946651186399999744e+01,-4.506232754700000243e+01,-5.418119054799999645e+01,-3.429364132999999981e+01
2.871431431400000012e+00,-5.492766343499999948e+01,-6.456473463999999751e+01,-4.811063642599999923e+01,-5.494192625400000196e+01,-3.400089184299999800e+01
2.891441441400000034e+00,-5.807159149400000331e+01,-6.309556643500000206e+01,-5.106588570299999930e+01,-5.313059287899999816e+01,-3.350252167699999717e+01
2.911451451500000065e+00,-7.033171832799999379e+01,-5.758762086800000191e+01,-4.956793524399999740e+01,-5.377983973500000303e+01,-3.280290546399999840e+01
2.931461461500000087e+00,-6.472647229999999752e+01,-6.655903163700000391e+01,-5.082579830699999945e+01,-5.474946706499999749e+01,-3.250029926500000244e+01
2.951471471500000110e+00,-7.133830545099999654e+01,-6.224320493399999776e+01,-4.784866568099999995e+01,-5.276175315100000063e+01,-3.196912013200000047e+01
2.971481481500000132e+00,-7.432275851699999691e+01,-5.998379831999999823e+01,-4.508654476099999897e+01,-5.575675266999999735e+01,-3.176842177500000020e+01
2.991491491500000155e+00,-5.552740040799999832e+01,-5.856811451099999744e+01,-4.410353244699999919e+01,-5.377534439299999747e+01,-3.191057847700000139e+01
3.011501501500000177e+00,-6.282754169900000107e+01,-5.201610455800000210e+01,-4.160685113000000257e+01,-5.337079563500000035e+01,-3.164021543799999847e+01
3.031511511500000200e+00,-5.695424983499999882e+01,-5.418998826199999996e+01,-4.038294519299999763e+01,-5.290627301300000340e+01,-3.121440450200000072e+01
3.051521521499999778e+00,-5.518788951999999881e+01,-5.667094920000000258e+01,-3.901408444199999792e+01,-5.288999057800000259e+01,-3.056642477200000130e+01
3.071531531499999801e+00,-5.631388846899999834e+01,-5.144911666699999842e+01,-3.868861604599999993e+01,-5.277875824499999879e+01,-2.999913215999999849e+01
3.091541541499999823e+00,-5.115123683800000265e+01,-5.288243074300000046e+01,-3.800263347900000355e+01,-5.416178591700000311e+01,-2.969626138599999976e+01
3.111551551599999854e+00,-5.743608678300000037e+01,-5.277373072000000320e+01,-3.764425529300000051e+01,-5.862682990999999788e+01,-2.931753454600000097e+01
3.131561561599999877e+00,-5.350348857600000230e+01,-5.241048188199999913e+01,-3.652019166899999902e+01,-5.748478579900000085e+01,-2.884502289499999961e+01
3.151571571599999899e+00,-5.077497013199999998e+01,-4.842246973900000029e+01,-3.620351526299999989e+01,-5.850287653299999846e+01,-2.858031994999999981e+01
3.171581581599999922e+00,-5.436319899099999731e+01,-5.016845869499999822e+01,-3.561467823299999935e+01,-6.135980290300000206e+01,-2.819556941400000127e+01
3.191591591599999944e+00,-5.307662953100000180e+01,-5.079773138499999874e+01,-3.570014716200000038e+01,-6.436180415900000185e+01,-2.782427615499999973e+01
3.211601601599999967e+00,-5.005979159999999695e+01,-4.808047665299999807e+01,-3.541021531999999894e+01,-5.997700992800000108e+01,-2.746484291100000164e+01
3.231611611599999989e+00,-5.235152397200000252e+01,-5.116708387199999919e+01,-3.481202341099999842e+01,-5.958085565900000091e+01,-2.728494108499999982e+01
3.251621621600000012e+00,-5.003268005099999982e+01,-5.074313603400000261e+01,-3.485955812600000314e+01,-6.032259637800000007e+01,-2.669285297200000073e+01
3.271631631600000034e+00,-4.860291984500000240e+01,-5.063536441899999829e+01,-3.480126698000000118e+01,-6.129324290400000308e+01,-2.630590427099999928e+01
3.291641641600000057e+00,-5.061224946800000168e+01,-5.255726948000000220e+01,-3.444857452000000109e+01,-5.853671442400000302e+01,-2.571556844399999875e+01
3.311651651699999643e+00,-4.790749636500000008e+01,-4.950991832500000100e+01,-3.400533399500000087e+01,-6.962996818599999926e+01,-2.535764356600000013e+01
3.331661661699999666e+00,-4.774811395799999758e+01,-5.169349392299999835e+01,-3.379615249399999755e+01,-5.912619799499999829e+01,-2.518500569700000113e+01
3.351671671699999688e+00,-4.871056850000000082e+01,-5.843843711400000274e+01,-3.311103805199999783e+01,-5.883382794700000318e+01,-2.491549442499999856e+01
3.371681681699999711e+00,-4.705315874499999751e+01,-5.516495600300000035e+01,-3.283595196400000304e+01,-6.386209807299999852e+01,-2.488206283299999910e+01
3.391691691699999733e+00,-4.632757733300000069e+01,-5.252462841199999843e+01,-3.209259739800000233e+01,-5.770257862799999771e+01,-2.501022486000000100e+01
3.411701701699999756e+00,-4.815448287499999935e+01,-6.600133870099999456e+01,-3.200899263800000227e+01,-6.236525521099999736e+01,-2.517427658400000112e+01
3.431711711699999778e+00,-4.670479053799999747e+01,-5.513139180999999667e+01,-3.212213452200000319e+01,-7.401908758099999375e+01,-2.540705682200000126e+01
3.451721721699999801e+00,-4.614874597200000039e+01,-5.256178335599999940e+01,-3.190507009799999949e+01,-6.393426275000000203e+01,-2.569088597800000073e+01
3.471731731699999823e+00,-4.721397152400000152e+01,-5.044727132999999952e+01,-3.199665404799999990e+01,-5.799753171199999713e+01,-2.607065688400000170e+01
3.491741741699999846e+00,-4.681172482200000218e+01,-5.741990696399999905e+01,-3.143537506399999870e+01,-5.283278651399999859e+01,-2.665625992200000027e+01
3.511751751800000321e+00,-4.514801768299999907e+01,-5.222116319100000226e+01,-3.095468688600000107e+01,-5.370851125800000148e+01,-2.724507302600000003e+01
3.531761761800000343e+00,-4.855138884099999785e+01,-4.839881528800000154e+01,-3.058784568300000117e+01,-5.530091005599999932e+01,-2.765231260999999918e+01
3.551771771800000366e+00,-4.785340609099999654e+01,-4.574761998900000037e+01,-3.024952754699999957e+01,-6.385952892299999917e+01,-2.843717112299999883e+01
3.571781781800000388e+00,-4.971216673899999705e+01,-4.405856108799999760e+01,-3.006141386999999909e+01,-6.422668693699999665e+01,-2.895071341499999917e+01
3.591791791800000411e+00,-4.753408257400000281e+01,-4.616068860600000079e+01,-3.043534970600000023e+01,-5.851646251199999682e+01,-2.951596685499999850e+01
3.611801801799999989e+00,-4.874490241699999871e+01,-4.615235788399999706e+01,-3.128835704899999826e+01,-5.617135860900000210e+01,-3.040051575600000078e+01
3.631811811800000012e+00,-4.849979332699999901e+01,-4.511126933500000291e+01,-3.223320385800000309e+01,-6.058920133000000163e+01,-3.082060574500000172e+01
3.651821821800000034e+00,-4.993037298400000168e+01,-4.313920562900000277e+01,-3.229282861400000115e+01,-6.509472539300000449e+01,-3.107464241999999999e+01
3.671831831800000057e+00,-4.901188567599999857e+01,-4.209628700700000081e+01,-3.204929884599999923e+01,-6.121807176400000117e+01,-3.103367404200000124e+01
3.691841841800000079e+00,-5.042272759699999796e+01,-4.669532659600000102e+01,-3.212321592499999667e+01,-6.137252916500000310e+01,-3.083183014999999827e+01
3.711851851900000110e+00,-4.991997128700000275e+01,-4.834292608700000216e+01,-3.217404891700000036e+01,-5.522272908200000074e+01,-3.066919174799999936e+01
3.731861861900000132e+00,-5.167264516200000202e+01,-5.364559922299999783e+01,-3.158892726299999865e+01,-5.841338937599999781e+01,-3.044586364799999956e+01
3.751871871900000155e+00,-4.670824242500000167e+01,-4.840027369500000276e+01,-3.139139871800000137e+01,-5.802462244299999838e+01,-3.105303110799999899e+01
3.771881881900000177e+00,-4.743682925299999908e+01,-4.956322054299999991e+01,-3.169505055000000127e+01,-6.222374746900000275e+01,-3.169966622900000175e+01
3.791891891900000200e+00,-4.972620461100000000e+01,-5.744132774900000271e+01,-3.148877338300000162e+01,-6.598040901800000313e+01,-3.207957990999999964e+01
3.811901901900000222e+00,-4.875897349800000313e+01,-5.356150063300000141e+01,-3.268762899400000066e+01,-6.276778324099999651e+01,-3.190509761999999938e+01
3.831911911900000245e+00,-4.843209728200000086e+01,-4.799562385699999822e+01,-3.280970586800000177e+01,-6.113824167300000312e+01,-3.219472370100000091e+01
3.851921921900000267e+00,-5.051915020599999906e+01,-4.780495143699999971e+01,-3.193444792400000054e+01,-6.665420644200000311e+01,-3.216039259400000105e+01
3.871931931900000290e+00,-5.442345688599999676e+01,-5.231691931099999948e+01,-3.180811190100000019e+01,-6.095411776200000276e+01,-3.182001312499999912e+01
3.891941941900000312e+00,-4.821261375000000271e+01,-4.811910041800000215e+01,-3.136664380499999893e+01,-5.938276247400000329e+01,-3.069498293999999916e+01
3.911951951999999899e+00,-5.343857990699999760e+01,-5.051961151999999800e+01,-3.176007489399999884e+01,-6.465721716599999525e+01,-3.051048421799999844e+01
3.931961961999999922e+00,-5.152978469300000341e+01,-5.108095541800000206e+01,-3.135503113400000075e+01,-6.332590912700000274e+01,-3.065319740800000048e+01
3.951971971999999944e+00,-4.707316554799999864e+01,-4.769012012400000344e+01,-3.126793900599999887e+01,-6.204551776200000290e+01,-3.054075709600000010e+01
3.971981981999999967e+00,-4.831372305800000078e+01,-4.614463295200000204e+01,-3.062309949400000164e+01,-6.582971310599999981e+01,-3.151364829799999967e+01
3.991991991999999989e+00,-4.892490584299999767e+01,-4.682601088300000214e+01,-3.153525393500000007e+01,-6.144245018000000158e+01,-3.128393972499999975e+01
4.012002002000000012e+00,-4.657910051700000054e+01,-4.432252744499999864e+01,-3.251450264500000031e+01,-6.664893037299999889e+01,-3.153441531100000006e+01
4.032012012000000034e+00,-4.618987412199999909e+01,-4.590229066100000210e+01,-3.235443070400000209e+01,-5.832804109100000289e+01,-3.166979258799999997e+01
4.052022022000000057e+00,-4.617960860899999886e+01,-4.650746268799999683e+01,-3.117832169000000064e+01,-6.331822610999999768e+01,-3.202760645099999692e+01
4.072032032000000079e+00,-4.463373719300000175e+01,-4.380212255899999718e+01,-3.065396139899999994e+01,-6.634469261700000686e+01,-3.296328118200000290e+01
4.092042042000000102e+00,-4.533191969199999960e+01,-4.524318272299999677e+01,-3.097473602999999898e+01,-7.905983655900000429e+01,-3.466499253199999941e+01
4.112052052100000132e+00,-4.517004897700000043e+01,-4.571514553200000108e+01,-3.133977864899999943e+01,-6.715027355700000555e+01,-3.613327219699999659e+01
4.132062062100000155e+00,-4.449462089099999673e+01,-4.395810704000000158e+01,-3.112549688500000045e+01,-6.586660221799999704e+01,-3.706999105799999938e+01
4.152072072100000177e+00,-4.798861397699999998e+01,-4.849422434200000254e+01,-3.089858171299999867e+01,-6.604807631699999604e+01,-3.843161164499999671e+01
4.172082082100000200e+00,-4.392088463500000017e+01,-4.990651101200000284e+01,-3.056323681599999986e+01,-5.524373709300000002e+01,-3.957729282999999754e+01
4.192092092100000222e+00,-4.408567383199999767e+01,-5.020646507800000080e+01,-3.116105976000000055e+01,-5.357034984199999883e+01,-3.917487791700000344e+01
4.212102102100000245e+00,-4.476916121699999707e+01,-4.455016466200000025e+01,-3.225780216799999778e+01,-5.424122819600000156e+01,-3.941786772199999689e+01
4.232112112100000267e+00,-4.596743816600000088e+01,-4.423308421699999826e+01,-3.462513981899999749e+01,-5.292978903200000218e+01,-4.025761950100000064e+01
4.252122122100000290e+00,-4.553464591299999853e+01,-5.788209103700000213e+01,-3.344915426499999711e+01,-5.853394327899999894e+01,-4.059131678399999998e+01
4.272132132100000312e+00,-4.950997904100000113e+01,-4.510137689500000135e+01,-3.326030638000000295e+01,-5.989867395099999925e+01,-3.975171983799999964e+01
4.292142142100000335e+00,-5.082972708799999850e+01,-4.533842273199999795e+01,-3.645252720599999918e+01,-6.062624376699999829e+01,-3.889176327900000274e+01
4.312152152199999477e+00,-4.727395838000000339e+01,-4.847384006899999775e+01,-3.734110203699999886e+01,-5.444787806800000141e+01,-3.916963526699999676e+01
4.332162162199999500e+00,-4.838747167300000029e+01,-5.839502537799999971e+01,-3.769421085300000129e+01,-5.482121557300000347e+01,-4.009856797399999806e+01
4.352172172199999522e+00,-4.924594623400000160e+01,-5.975564164000000034e+01,-3.816003263999999717e+01,-7.150875784100000487e+01,-3.922256508600000302e+01
4.372182182199999545e+00,-4.824020410499999656e+01,-5.570241640900000135e+01,-3.722371993600000195e+01,-6.766799067399999501e+01,-3.949722272700000048e+01
4.392192192199999567e+00,-5.180768546800000252e+01,-5.897461419599999743e+01,-3.797015040400000174e+01,-6.644285895599999492e+01,-3.999171305600000181e+01
4.412202202199999590e+00,-5.095555027099999990e+01,-5.090221475399999917e+01,-4.215999847700000203e+01,-6.307347104299999785e+01,-4.008183272600000180e+01
4.432212212199999612e+00,-5.209800562499999899e+01,-5.168323438299999850e+01,-5.043287049100000274e+01,-6.120232202199999705e+01,-3.948873240799999706e+01
4.452222222199999635e+00,-5.254126358599999946e+01,-5.204256021700000190e+01,-5.102165016699999711e+01,-5.722426533499999834e+01,-3.954279819799999984e+01
4.472232232199999657e+00,-6.501976207399999907e+01,-5.489847648199999952e+01,-4.586621223299999883e+01,-6.090790444600000342e+01,-3.866033794399999834e+01
4.492242242199999680e+00,-5.715527240400000153e+01,-5.166501393299999734e+01,-4.956079383699999852e+01,-5.274076412299999816e+01,-3.723033483300000057e+01
4.512252252300000599e+00,-5.042838384099999871e+01,-5.127116065500000275e+01,-4.511778027300000105e+01,-5.801299091900000349e+01,-3.720955701100000113e+01
4.532262262300000621e+00,-5.061093061399999726e+01,-5.465358981300000352e+01,-4.505832484799999804e+01,-5.673685262800000118e+01,-3.593340603400000077e+01
4.552272272299999756e+00,-5.383137298399999793e+01,-5.708239411299999944e+01,-4.512866123999999957e+01,-6.271542035800000292e+01,-3.618295581900000002e+01
4.572282282299999778e+00,-5.405510853199999843e+01,-5.741335990299999992e+01,-4.860780290900000011e+01,-5.739353253600000215e+01,-3.503938505600000042e+01
4.592292292299999801e+00,-5.070033592000000056e+01,-6.636995869599999764e+01,-4.604256786900000264e+01,-5.441925438199999832e+01,-3.644145592600000327e+01
4.612302302299999823e+00,-5.476487933199999958e+01,-6.092676997699999930e+01,-4.106120318400000002e+01,-6.191052103300000198e+01,-3.592324652300000309e+01
4.632312312299999846e+00,-5.292031791099999793e+01,-6.040381125100000048e+01,-3.688321811800000205e+01,-7.081674737199999470e+01,-3.713902637700000042e+01
4.652322322299999868e+00,-5.418602749299999743e+01,-5.508351318700000121e+01,-3.794718302900000140e+01,-6.291445364599999834e+01,-3.578629390900000118e+01
4.672332332299999891e+00,-5.410805516500000323e+01,-4.859580145399999651e+01,-3.757507764599999689e+01,-5.818400903399999891e+01,-3.598012363200000152e+01
4.692342342299999913e+00,-6.573404140600000289e+01,-4.681781524200000177e+01,-3.604772392900000000e+01,-5.924094417599999929e+01,-3.594893433200000032e+01
4.712352352399999944e+00,-5.021226178599999912e+01,-4.535158711900000128e+01,-3.449983688799999726e+01,-6.353263033000000348e+01,-3.724773276900000241e+01
4.732362362399999967e+00,-5.634132098500000296e+01,-4.299967927699999848e+01,-3.496402117699999934e+01,-6.320494033500000342e+01,-3.716579198800000228e+01
4.752372372399999989e+00,-5.982785294300000345e+01,-4.191910225099999820e+01,-3.491186791900000230e+01,-5.012378101899999905e+01,-3.731315594899999866e+01
4.772382382400000012e+00,-6.559902480700000638e+01,-4.059154240600000207e+01,-3.765474747199999683e+01,-6.323838415699999871e+01,-3.697327279900000008e+01
4.792392392400000034e+00,-5.161812343300000094e+01,-3.956605344900000176e+01,-3.586881433199999947e+01,-5.674705170699999712e+01,-3.728308129199999854e+01
4.812402402400000057e+00,-6.238981331099999750e+01,-3.983686701199999902e+01,-3.527578720199999651e+01,-6.015433519399999795e+01,-3.662027435200000269e+01
4.832412412399999191e+00,-5.598805295799999726e+01,-3.967967754600000063e+01,-3.624609134399999988e+01,-5.724975820600000276e+01,-3.696140139199999908e+01
4.852422422399999213e+00,-5.777151466000000113e+01,-3.994784774499999713e+01,-3.600837307399999787e+01,-5.495685513299999769e+01,-3.642008614499999908e+01
4.872432432399999236e+00,-5.530990645199999989e+01,-4.040035417200000012e+01,-3.645745514600000092e+01,-6.914032238599999403e+01,-3.587679591399999879e+01
4.892442442399999258e+00,-5.894076045799999974e+01,-3.852958440599999790e+01,-3.654584829800000279e+01,-5.901060853300000275e+01,-3.657426497400000187e+01
4.912452452500000177e+00,-6.038182720900000078e+01,-3.741029710899999827e+01,-3.781599122400000113e+01,-5.985496100299999966e+01,-3.632378315100000066e+01
4.932462462500000200e+00,-4.811901822299999765e+01,-3.796009203700000256e+01,-3.879673049499999848e+01,-6.736350326000000166e+01,-3.556612946500000305e+01
4.952472472500000222e+00,-5.392095416600000135e+01,-3.760265213800000339e+01,-4.008222183499999858e+01,-6.554193490500000507e+01,-3.484583545499999957e+01
4.972482482500000245e+00,-6.039054493199999740e+01,-3.684791460000000285e+01,-4.246063879599999780e+01,-6.457513824900000543e+01,-3.521534194200000201e+01
4.992492492500000267e+00,-5.889104919100000046e+01,-3.540285657599999780e+01,-4.055316549399999815e+01,-5.748949284900000123e+01,-3.454692917700000265e+01
5.012502502500000290e+00,-6.435021719499999904e+01,-3.503614355300000227e+01,-3.945888245399999761e+01,-6.316011210799999986e+01,-3.386357394499999884e+01
5.032512512500000312e+00,-5.499223640700000004e+01,-3.655040245200000015e+01,-4.285151962100000134e+01,-7.343563979500000016e+01,-3.420611226599999810e+01
5.052522522500000335e+00,-6.345837004300000217e+01,-3.454767231699999996e+01,-4.074371985500000193e+01,-7.908392214699999556e+01,-3.406710480400000307e+01
5.072532532500000357e+00,-6.486997669500000541e+01,-3.547864611300000348e+01,-4.125570947599999982e+01,-7.578003744599999436e+01,-3.408443970900000153e+01
5.092542542500000380e+00,-5.776876371600000226e+01,-3.590213932199999647e+01,-4.420870054600000287e+01,-5.525837307700000167e+01,-3.399386375299999941e+01
5.112552552600000411e+00,-5.761392050300000278e+01,-3.423370550700000337e+01,-4.147867120800000151e+01,-6.179145130700000266e+01,-3.491266422999999719e+01
5.132562562600000433e+00,-5.059948911400000071e+01,-3.539025607899999670e+01,-4.239843223799999805e+01,-5.861610277500000166e+01,-3.540438319599999772e+01
5.152572572600000456e+00,-5.126322912700000245e+01,-3.721999872399999987e+01,-4.597663229700000187e+01,-6.645776026199999365e+01,-3.412260406200000062e+01
5.172582582600000478e+00,-5.179621086800000285e+01,-3.624672756599999701e+01,-4.277748674600000101e+01,-5.494816941700000257e+01,-3.459161045300000126e+01
5.192592592600000501e+00,-6.805300331200000130e+01,-3.588880305699999695e+01,-4.132536038500000330e+01,-5.553173703800000283e+01,-3.452274209000000127e+01
5.212602602600000523e+00,-5.126038937300000242e+01,-3.668483693299999970e+01,-4.101225040700000335e+01,-6.006765714400000178e+01,-3.486684874000000178e+01
5.232612612600000546e+00,-5.367026712900000263e+01,-3.599887663199999821e+01,-4.067921459400000117e+01,-5.899464122100000196e+01,-3.537112211499999859e+01
5.252622622600000568e+00,-4.752893187099999750e+01,-3.816827869099999759e+01,-4.021514892100000083e+01,-6.128403187899999693e+01,-3.473733645800000147e+01
5.272632632600000591e+00,-5.340298068100000251e+01,-3.708172033799999667e+01,-3.864539524900000345e+01,-5.022858250699999871e+01,-3.544066173299999889e+01
5.292642642600000613e+00,-6.467478353200000640e+01,-3.834578874399999648e+01,-3.832055467299999663e+01,-5.778114075100000235e+01,-3.644338207399999874e+01
5.312652652699999756e+00,-5.096040127500000239e+01,-3.601916209600000229e+01,-3.680367790100000036e+01,-5.425291266299999648e+01,-3.734115233899999708e+01
5.332662662699999778e+00,-5.262652376300000157e+01,-3.638092368299999890e+01,-3.516145829599999928e+01,-5.912684871700000144e+01,-3.880083564699999954e+01
5.352672672699999801e+00,-5.789526628099999783e+01,-3.523647001500000187e+01,-3.541318788499999926e+01,-5.455668615199999749e+01,-4.003391432299999764e+01
5.372682682699999823e+00,-5.543388456699999978e+01,-3.611898169300000205e+01,-3.458119639600000284e+01,-5.110439303199999728e+01,-4.264126286599999816e+01
5.392692692699999846e+00,-5.784604890800000021e+01,-3.685772939699999995e+01,-3.383565157299999981e+01,-6.778786121999999637e+01,-4.138309748399999677e+01
5.412702702699999868e+00,-5.638748571899999718e+01,-3.646429502800000222e+01,-3.393060047400000201e+01,-6.595008327700000450e+01,-4.487228555400000118e+01
5.432712712699999891e+00,-5.634228939799999836e+01,-3.600830956200000088e+01,-3.293518727600000062e+01,-5.494249039099999976e+01,-4.421699324600000125e+01
5.452722722699999913e+00,-4.987982953000000208e+01,-3.590043114800000268e+01,-3.286971583300000077e+01,-5.776400849800000259e+01,-4.093011373000000219e+01
5.472732732699999936e+00,-4.463460158499999864e+01,-3.591790164300000043e+01,-3.299436618299999679e+01,-5.967581750800000151e+01,-3.994929295899999744e+01
5.492742742699999958e+00,-5.111300595600000207e+01,-3.639707011600000186e+01,-3.303649191800000295e+01,-5.338936654199999765e+01,-3.913405456800000337e+01
5.512752752799999989e+00,-4.765025995500000278e+01,-3.692850068599999958e+01,-3.235129739999999998e+01,-5.241214817400000214e+01,-3.798052783899999696e+01
5.532762762800000012e+00,-4.887176682300000152e+01,-3.666934830000000289e+01,-3.227426077199999810e+01,-5.278428756200000294e+01,-3.687954822799999732e+01
5.552772772800000034e+00,-4.748975562199999700e+01,-3.567747376900000233e+01,-3.255376821699999823e+01,-5.184455060999999887e+01,-3.696999436299999786e+01
5.572782782800000057e+00,-4.536293420100000162e+01,-3.588738835699999896e+01,-3.247056635700000271e+01,-6.590840880499999344e+01,-3.804190304400000144e+01
5.592792792800000079e+00,-4.945337585000000047e+01,-3.602264346100000125e+01,-3.352613319600000352e+01,-5.269218042499999655e+01,-3.694528590200000195e+01
5.612802802800000102e+00,-4.499348878100000348e+01,-3.794805908400000050e+01,-3.357471658299999717e+01,-5.951394141099999757e+01,-3.710602237700000217e+01
5.632812812800000124e+00,-4.617149418700000041e+01,-3.832518765199999677e+01,-3.336129936300000054e+01,-5.723302317299999942e+01,-3.815792298699999918e+01
5.652822822800000147e+00,-4.562295999500000221e+01,-3.948439260499999648e+01,-3.441914407800000220e+01,-6.528732770999999957e+01,-3.735928809100000336e+01
5.672832832800000169e+00,-4.225459965299999965e+01,-3.839772383700000091e+01,-3.556140755300000222e+01,-5.561804736500000246e+01,-3.672060223500000120e+01
5.692842842800000192e+00,-4.171554923499999745e+01,-3.821948882899999944e+01,-3.552840089299999704e+01,-5.780026516400000247e+01,-3.671044858100000141e+01
5.712852852899999334e+00,-4.309929262800000060e+01,-4.047130822100000103e+01,-3.647425560899999653e+01,-5.761228586800000073e+01,-3.875408291899999824e+01
5.732862862899999357e+00,-4.020176766899999876e+01,-3.941541711499999678e+01,-3.598112990799999977e+01,-5.893832199999999943e+01,-3.762835152800000316e+01
5.752872872899999379e+00,-4.032174645500000310e+01,-4.103706580400000092e+01,-3.594551769200000280e+01,-5.869155625399999821e+01,-3.753502127299999813e+01
5.772882882899999402e+00,-4.275656884800000057e+01,-4.172992649900000117e+01,-3.769487698100000017e+01,-5.353061858600000278e+01,-3.734188130700000130e+01
5.792892892899999424e+00,-4.110719185300000333e+01,-4.171575295499999925e+01,-3.843853187500000246e+01,-5.653296332099999688e+01,-3.791266415399999801e+01
5.812902902899999447e+00,-3.992012122300000243e+01,-4.023321928499999700e+01,-3.874682234699999839e+01,-5.314774721199999874e+01,-3.540903766299999944e+01
5.832912912899999469e+00,-3.867327213000000086e+01,-4.368512068799999781e+01,-3.894164015399999812e+01,-5.132233702799999975e+01,-3.488750333899999845e+01
5.852922922899999492e+00,-4.291130282700000009e+01,-4.189607689500000021e+01,-3.917530292600000053e+01,-5.086190021000000172e+01,-3.350106948599999868e+01
5.872932932899999514e+00,-3.902757042700000056e+01,-4.613609118099999762e+01,-4.003518787200000162e+01,-5.626856218399999676e+01,-3.273251419199999646e+01
5.892942942899999537e+00,-3.985889604500000161e+01,-4.391896092399999674e+01,-3.958054820000000262e+01,-5.568907530300000275e+01,-3.178311410899999956e+01
5.912952952999999567e+00,-4.070220494800000210e+01,-4.350703204199999874e+01,-4.107060080400000146e+01,-5.224885022299999804e+01,-3.044892737700000040e+01
5.932962962999999590e+00,-3.764256755099999907e+01,-4.268524756099999706e+01,-4.199977254499999901e+01,-5.766827669300000281e+01,-2.980742412300000055e+01
5.952972972999999612e+00,-3.874988907200000199e+01,-4.951866494699999777e+01,-4.342409470500000168e+01,-5.913465730200000081e+01,-2.863548025800000119e+01
5.972982982999999635e+00,-3.849671024199999891e+01,-4.626821292000000341e+01,-4.269599126500000352e+01,-5.803998833800000057e+01,-2.798208131999999893e+01
5.992992992999999657e+00,-3.717041329799999971e+01,-4.546673734099999820e+01,-4.320976718899999724e+01,-5.971006122800000071e+01,-2.764856726400000042e+01
6.013003002999999680e+00,-3.737631072599999982e+01,-4.630264382400000045e+01,-4.459215223300000019e+01,-5.383775342500000249e+01,-2.727904031299999943e+01
6.033013012999999702e+00,-3.545736165299999954e+01,-4.569704340700000245e+01,-4.883694964600000077e+01,-5.596831059299999822e+01,-2.694612173200000171e+01
6.053023022999999725e+00,-3.789071080099999733e+01,-5.005989062500000131e+01,-4.690940149600000098e+01,-5.150791952099999804e+01,-2.638055151500000051e+01
6.073033032999999747e+00,-3.613514656899999977e+01,-5.208130892300000170e+01,-4.803609835400000350e+01,-6.220491823599999748e+01,-2.628364893899999899e+01
6.093043042999999770e+00,-3.548182907099999994e+01,-5.145877376400000003e+01,-4.550812721599999833e+01,-6.357386513600000200e+01,-2.636246648999999920e+01
6.113053053100000689e+00,-3.472906640400000100e+01,-4.637860645100000312e+01,-4.357195782299999820e+01,-5.043150617399999902e+01,-2.619637248100000093e+01
6.133063063100000711e+00,-3.425917036500000279e+01,-4.643866160099999973e+01,-4.779963609600000041e+01,-5.774239919699999746e+01,-2.560630966400000119e+01
6.153073073100000734e+00,-3.467829839899999911e+01,-4.846421088900000029e+01,-4.256960457899999994e+01,-5.098946529399999861e+01,-2.591994511100000054e+01
6.173083083100000756e+00,-3.412759747100000141e+01,-4.326489603499999959e+01,-4.389109623400000260e+01,-4.818761047099999928e+01,-2.556067883500000093e+01
6.193093093100000779e+00,-3.285722076500000099e+01,-4.520517567200000286e+01,-4.211793562399999757e+01,-4.803350620300000173e+01,-2.558821373600000015e+01
6.213103103100000801e+00,-3.249506279700000277e+01,-4.709592368999999934e+01,-4.277703413199999716e+01,-5.566101722599999846e+01,-2.552220243100000019e+01
6.233113113100000824e+00,-3.374695215999999931e+01,-4.757565432599999866e+01,-4.146429612499999706e+01,-5.408441363899999743e+01,-2.521462803200000025e+01
6.253123123099999958e+00,-3.259660182300000031e+01,-4.542659113399999882e+01,-4.122502401700000263e+01,-4.972083372899999887e+01,-2.542290855199999910e+01
6.273133133099999981e+00,-3.253619214399999748e+01,-4.432831719400000026e+01,-4.213916833700000097e+01,-4.815852524299999970e+01,-2.528636824699999863e+01
6.293143143100000003e+00,-3.237608989999999665e+01,-4.711855187300000125e+01,-4.029261086799999703e+01,-4.794211373000000265e+01,-2.577893260500000139e+01
6.313153153200000034e+00,-3.257942250199999989e+01,-4.805332388400000099e+01,-3.904937489299999953e+01,-4.514533277400000344e+01,-2.521960519599999984e+01
6.333163163200000056e+00,-3.312196088400000349e+01,-4.599209735699999868e+01,-3.864676508099999808e+01,-4.793801460299999917e+01,-2.576017252300000138e+01
6.353173173200000079e+00,-3.281302681599999715e+01,-4.886225801300000171e+01,-3.713437081899999725e+01,-4.701981436300000183e+01,-2.591283254300000038e+01
6.373183183200000101e+00,-3.331120929800000141e+01,-4.670377867999999921e+01,-3.798216029200000321e+01,-4.773429574800000097e+01,-2.622357232799999949e+01
6.393193193200000124e+00,-3.463940792999999729e+01,-4.684211627900000252e+01,-3.690222829799999715e+01,-4.360579312899999849e+01,-2.713456998499999884e+01
6.413203203200000146e+00,-3.432810439600000052e+01,-5.488735401699999983e+01,-3.611432098800000290e+01,-4.412503426600000012e+01,-2.752669873600000017e+01
6.433213213200000169e+00,-3.676877463400000323e+01,-4.323040704900000009e+01,-3.565020849100000078e+01,-4.714927181000000189e+01,-2.858391005200000023e+01
6.453223223200000191e+00,-3.485075250999999952e+01,-4.555870658900000336e+01,-3.475108461100000312e+01,-4.705352813700000070e+01,-2.967813187599999836e+01
6.473233233200000214e+00,-3.600663423799999663e+01,-4.829473265699999729e+01,-3.519991918800000263e+01,-4.650972872100000188e+01,-3.102642750200000066e+01
6.493243243200000236e+00,-3.758652424099999934e+01,-4.905557501599999881e+01,-3.480563744900000245e+01,-4.774854892900000181e+01,-3.262434698500000252e+01
6.513253253300000267e+00,-3.867152908799999977e+01,-5.248353191000000351e+01,-3.474611820599999845e+01,-4.680711110800000085e+01,-3.353113065400000181e+01
6.533263263300000290e+00,-4.124706314899999882e+01,-4.569272960800000050e+01,-3.437578990899999809e+01,-4.505467909800000115e+01,-3.621908716299999753e+01
6.553273273300000312e+00,-4.071552917999999721e+01,-4.267589237400000002e+01,-3.371632323000000042e+01,-4.899636559099999999e+01,-3.829644908000000214e+01
6.573283283300000335e+00,-4.154899047300000348e+01,-4.080128591900000146e+01,-3.369753639300000003e+01,-5.457219218899999902e+01,-3.940673379399999732e+01
6.593293293300000357e+00,-4.454284763999999797e+01,-4.404663879400000326e+01,-3.326037602000000248e+01,-5.401147924299999659e+01,-4.419741829200000183e+01
6.613303303300000380e+00,-4.363763105099999962e+01,-4.280451149499999985e+01,-3.307190101999999854e+01,-6.278148568000000296e+01,-4.407013225200000051e+01
6.633313313300000402e+00,-4.748490230499999853e+01,-4.104497984199999649e+01,-3.361702945500000084e+01,-5.346682971599999945e+01,-4.557106866499999853e+01
6.653323323300000425e+00,-4.671422371300000265e+01,-4.204746037700000016e+01,-3.208219106399999987e+01,-5.297248139700000280e+01,-4.539969693500000147e+01
6.673333333300000447e+00,-5.017600881399999935e+01,-4.230117374299999966e+01,-3.299238004000000046e+01,-4.888954134499999782e+01,-4.017542175100000179e+01
6.693343343300000470e+00,-4.416489902000000001e+01,-4.222464011600000333e+01,-3.167956698900000134e+01,-4.927412523999999650e+01,-3.981479106199999762e+01
6.713353353399999612e+00,-4.974393932800000329e+01,-4.083930880199999791e+01,-3.207703217499999937e+01,-4.677902703699999876e+01,-4.100646679799999816e+01
6.733363363399999635e+00,-4.689980401199999704e+01,-4.251334964000000127e+01,-3.133165212800000177e+01,-5.167317776499999837e+01,-3.754777006399999806e+01
6.753373373399999657e+00,-4.946404875399999668e+01,-4.248841282299999733e+01,-3.309140703100000280e+01,-5.117032033200000285e+01,-3.555038147700000195e+01
6.773383383399999680e+00,-4.572988169700000327e+01,-4.309273455799999653e+01,-3.272632379499999900e+01,-4.808257591999999647e+01,-3.517001893100000132e+01
6.793393393399999702e+00,-4.583237960200000316e+01,-4.356737331400000102e+01,-3.301981034100000301e+01,-4.854709520699999814e+01,-3.209901090999999695e+01
6.813403403399999725e+00,-4.779981817099999830e+01,-4.037167633800000033e+01,-3.222239505900000012e+01,-4.846525965299999683e+01,-3.204197517000000062e+01
6.833413413399999747e+00,-5.342019691499999823e+01,-4.065848895999999968e+01,-3.177315621400000012e+01,-4.661869447800000188e+01,-3.103632909899999959e+01
6.853423423399999770e+00,-5.859146362500000293e+01,-4.086044334700000036e+01,-3.265569299999999942e+01,-4.534788403499999987e+01,-3.011606326200000083e+01
6.873433433399999792e+00,-4.787410802800000198e+01,-4.044273734400000109e+01,-3.155903946200000121e+01,-4.622009358199999696e+01,-2.960294848699999903e+01
6.893443443399999815e+00,-5.779384858200000252e+01,-4.412883945600000146e+01,-3.182114348500000034e+01,-4.821245204400000262e+01,-2.855523077899999862e+01
6.913453453499999846e+00,-6.259621771999999851e+01,-4.332363611899999967e+01,-3.220335838300000120e+01,-4.889100254200000251e+01,-2.848012149699999895e+01
6.933463463499999868e+00,-6.435242639899999517e+01,-4.032836793500000283e+01,-3.235176971100000287e+01,-4.771866571300000004e+01,-2.861050484200000099e+01
6.953473473499999891e+00,-5.518634553900000128e+01,-4.267926969599999865e+01,-3.226813118199999764e+01,-4.801769902899999920e+01,-2.829894570600000137e+01
6.973483483499999913e+00,-5.153317974000000135e+01,-4.365871136300000188e+01,-3.390537134899999927e+01,-4.770448679999999797e+01,-2.832064408700000158e+01
6.993493493499999936e+00,-4.257536947199999844e+01,-4.202955237500000152e+01,-3.386010264899999811e+01,-5.129419439800000191e+01,-2.886192990099999989e+01
7.013503503499999958e+00,-4.676012383700000186e+01,-4.200516021699999669e+01,-3.467942474499999861e+01,-4.987735076900000308e+01,-2.923445254700000007e+01
7.033513513499999981e+00,-4.538164480399999690e+01,-4.505565260000000194e+01,-3.576724469900000258e+01,-4.910974738400000206e+01,-2.945595906999999869e+01
7.053523523500000003e+00,-4.197626175100000268e+01,-4.305911239400000312e+01,-3.668256858600000214e+01,-5.246676525600000218e+01,-3.038814344800000100e+01
7.073533533500000026e+00,-3.901384378800000263e+01,-4.067230281900000222e+01,-3.742869080999999909e+01,-5.509603234800000138e+01,-3.131055473600000028e+01
7.093543543500000048e+00,-4.300697206400000283e+01,-4.317976145800000154e+01,-3.879149309099999954e+01,-4.716894129800000002e+01,-3.229351684499999919e+01
7.113553553600000079e+00,-3.880095470100000199e+01,-3.853891054500000024e+01,-3.946762913700000297e+01,-5.168136891900000052e+01,-3.479328799799999672e+01
7.133563563600000101e+00,-4.170920905900000264e+01,-3.702693590599999851e+01,-4.054556712499999804e+01,-4.683260822100000098e+01,-3.582786507099999795e+01
7.153573573600000124e+00,-3.866470473500000082e+01,-3.994672616900000151e+01,-4.307731569300000274e+01,-5.099032476600000052e+01,-3.683286866099999912e+01
7.173583583600000146e+00,-3.758626633699999786e+01,-4.054008044900000129e+01,-4.022195361100000355e+01,-5.021227443299999749e+01,-3.571864243699999975e+01
7.193593593600000169e+00,-3.818915971799999909e+01,-3.954046767599999868e+01,-4.191660564800000088e+01,-4.771774058999999824e+01,-3.383969989999999939e+01
7.213603603600000191e+00,-3.767523827000000125e+01,-3.864473299400000172e+01,-4.379592347900000249e+01,-4.765016226000000188e+01,-3.352383017399999687e+01
7.233613613600000214e+00,-3.627752507000000293e+01,-4.007483456300000313e+01,-3.978522213699999810e+01,-4.627376702499999794e+01,-3.192162882799999934e+01
7.253623623600000236e+00,-3.693351433899999847e+01,-3.850521538200000293e+01,-4.595266288500000229e+01,-4.854838540299999750e+01,-3.076849666300000052e+01
7.273633633600000259e+00,-3.761446049100000266e+01,-3.769739278400000160e+01,-4.396349603400000206e+01,-4.596887978899999894e+01,-2.915428492099999858e+01
7.293643643600000281e+00,-3.610552764500000222e+01,-3.744197015099999959e+01,-4.352008029699999980e+01,-4.534087373199999860e+01,-2.910259749400000118e+01
7.313653653699999424e+00,-3.937575578199999882e+01,-3.701041947400000254e+01,-4.386427806900000093e+01,-4.687509025600000001e+01,-2.864184808099999913e+01
7.333663663699999447e+00,-3.782997382100000294e+01,-3.771961790900000011e+01,-4.263275590100000301e+01,-4.709621023100000059e+01,-2.847038060099999868e+01
7.353673673699999469e+00,-3.703869322799999964e+01,-3.616315393200000017e+01,-4.166544294199999854e+01,-4.869605298799999815e+01,-2.840321824500000147e+01
7.373683683699999492e+00,-3.946178137700000121e+01,-3.630198932599999750e+01,-3.935475680599999748e+01,-4.904898390000000319e+01,-2.777263109000000085e+01
7.393693693699999514e+00,-3.988854254299999980e+01,-3.564647302099999848e+01,-3.764984758100000306e+01,-4.837363213700000131e+01,-2.826787672400000062e+01
7.413703703699999537e+00,-4.072584287299999772e+01,-3.678408306699999741e+01,-3.719917605300000218e+01,-4.855116330399999924e+01,-2.814388112900000039e+01
7.433713713699999559e+00,-3.999691457000000128e+01,-3.645179809500000090e+01,-3.820107128000000074e+01,-4.490367992299999855e+01,-2.811692476900000059e+01
7.453723723699999582e+00,-4.634508955700000143e+01,-3.613716106500000080e+01,-3.661296615399999865e+01,-4.627123395499999958e+01,-2.822267186799999905e+01
7.473733733699999604e+00,-4.255704572199999802e+01,-3.768732680499999788e+01,-3.550078465899999713e+01,-4.337179438799999787e+01,-2.889606185199999899e+01
7.493743743699999627e+00,-4.497527219300000212e+01,-3.802503862799999723e+01,-3.613208100199999961e+01,-4.364560700999999909e+01,-2.946405188900000027e+01
7.513753753800000545e+00,-4.684228709500000321e+01,-3.940093877599999672e+01,-3.496399728099999749e+01,-4.432252590099999878e+01,-2.921053685200000061e+01
7.533763763800000568e+00,-4.610684301300000243e+01,-4.401061204999999887e+01,-3.453297387500000326e+01,-4.549984114200000107e+01,-2.951721951700000091e+01
7.553773773800000590e+00,-5.116572154200000000e+01,-3.900848581900000056e+01,-3.418003023699999687e+01,-4.505357406400000286e+01,-2.995325487399999886e+01
7.573783783800000613e+00,-4.377596738799999798e+01,-4.469761747700000143e+01,-3.454297737400000301e+01,-4.564042391699999968e+01,-3.045860712200000009e+01
7.593793793799999747e+00,-4.380423348800000127e+01,-4.334912683099999953e+01,-3.595566956999999775e+01,-4.942219332700000223e+01,-3.058446250400000110e+01
7.613803803799999770e+00,-4.845589697799999840e+01,-4.681742630200000121e+01,-3.666044552399999645e+01,-4.526526666899999896e+01,-3.101145584100000008e+01
7.633813813799999792e+00,-4.566807212700000207e+01,-4.910490493700000059e+01,-3.529627395199999995e+01,-4.332850745999999731e+01,-3.114747925800000061e+01
7.653823823799999815e+00,-4.819611649299999812e+01,-5.199042901699999675e+01,-3.690969448199999903e+01,-4.847466809899999873e+01,-3.192757383000000004e+01
7.673833833799999837e+00,-4.395246382799999907e+01,-4.744633157999999895e+01,-3.617462885599999822e+01,-4.373817042600000349e+01,-3.254359506000000124e+01
7.693843843799999860e+00,-4.614043906900000280e+01,-6.170913895900000057e+01,-3.802925732700000339e+01,-4.600822160399999916e+01,-3.324184460400000063e+01
7.713853853899999891e+00,-4.255291332000000182e+01,-6.158450131099999680e+01,-3.793240459700000144e+01,-4.500864010499999779e+01,-3.453482228000000021e+01
7.733863863899999913e+00,-4.398840085100000152e+01,-4.899634370799999772e+01,-3.768422680999999841e+01,-4.424114374999999910e+01,-3.415355482100000017e+01
7.753873873899999936e+00,-4.157053822000000309e+01,-4.314745823599999852e+01,-3.861839439399999918e+01,-4.498453554400000343e+01,-3.612845374599999815e+01
7.773883883899999958e+00,-4.156882623300000290e+01,-4.575406779600000107e+01,-4.004927946699999808e+01,-4.452807201200000264e+01,-3.777570739699999791e+01
7.793893893899999981e+00,-4.104809191799999724e+01,-4.719087955799999889e+01,-4.000488048300000088e+01,-4.515782798299999712e+01,-4.033995218300000118e+01
7.813903903900000003e+00,-3.801277149700000280e+01,-4.952916334199999682e+01,-4.441455886399999997e+01,-4.426090015599999816e+01,-4.189862304100000046e+01
7.833913913900000026e+00,-3.750067990699999854e+01,-4.867949325600000066e+01,-4.127183342499999696e+01,-4.772390843400000193e+01,-4.408045940400000262e+01
7.853923923900000048e+00,-3.712572509799999665e+01,-4.549085143799999997e+01,-4.492797628699999990e+01,-4.456196894899999705e+01,-4.541691290199999997e+01
7.873933933899999182e+00,-3.542546766299999916e+01,-5.192927495600000043e+01,-4.406758738799999975e+01,-4.537523583699999818e+01,-4.994199650899999909e+01
7.893943943899999205e+00,-3.534716923100000230e+01,-6.347933360999999763e+01,-4.357833138200000178e+01,-4.457048256899999927e+01,-5.040350641799999920e+01
7.913953954000000124e+00,-3.479856652800000205e+01,-4.660505858799999857e+01,-4.681572093599999818e+01,-4.260199326800000108e+01,-5.394426167400000338e+01
7.933963964000000146e+00,-3.266489875500000295e+01,-6.445308754500000248e+01,-5.011523221200000222e+01,-4.772250355700000313e+01,-4.666193354600000021e+01
7.953973974000000169e+00,-3.341780494399999668e+01,-5.287353735300000324e+01,-5.267819451799999797e+01,-5.145050129399999861e+01,-4.262641688400000106e+01
7.973983984000000191e+00,-3.365813122699999838e+01,-5.297826566300000195e+01,-4.853529001999999792e+01,-4.617003643200000340e+01,-3.878106157500000251e+01
7.993993994000000214e+00,-3.419333317499999936e+01,-4.599323639400000019e+01,-4.972824499800000098e+01,-4.832592344999999767e+01,-3.981502171000000345e+01
8.014004004000000236e+00,-3.341102474499999886e+01,-4.759495259399999867e+01,-4.827651299299999721e+01,-4.812209504500000179e+01,-3.809915496899999710e+01
8.034014014000000259e+00,-3.345433094700000254e+01,-4.509023413799999958e+01,-5.062599167799999833e+01,-4.915855179100000072e+01,-3.731192705899999851e+01
8.054024024000000281e+00,-3.413819196099999687e+01,-4.141931088100000125e+01,-5.121918793799999747e+01,-4.784631681700000172e+01,-3.658878194300000075e+01
8.074034034000000304e+00,-3.398886472299999895e+01,-4.099131053400000013e+01,-4.863609341000000086e+01,-4.968539131400000031e+01,-3.491573505600000260e+01
8.094044044000000326e+00,-3.400813232499999827e+01,-4.476601878000000312e+01,-5.471864190200000166e+01,-4.405705623699999762e+01,-3.630295323600000046e+01
8.114054054100000357e+00,-3.481424114299999673e+01,-4.028877205100000225e+01,-5.466360823600000174e+01,-4.830552700199999805e+01,-3.489712836900000070e+01
8.134064064100000380e+00,-3.499302752900000257e+01,-4.542666879499999766e+01,-5.870487873199999740e+01,-4.854247259499999956e+01,-3.593387819299999819e+01
8.154074074100000402e+00,-3.645676251199999740e+01,-3.771485128999999858e+01,-4.700170680899999809e+01,-5.108378772799999723e+01,-3.396161114899999944e+01
8.174084084100000425e+00,-3.453402293900000330e+01,-3.997632727700000288e+01,-4.496333848500000130e+01,-5.120885702000000350e+01,-3.428494084799999797e+01
8.194094094100000447e+00,-3.619309691299999798e+01,-3.588318796000000077e+01,-5.535905618400000350e+01,-4.882044121599999897e+01,-3.521000395499999769e+01
8.214104104100000470e+00,-3.789087494099999986e+01,-3.598276354899999774e+01,-4.557063374199999828e+01,-6.033771747200000135e+01,-3.569489333599999981e+01
8.234114114100000492e+00,-4.012351731500000085e+01,-3.627468356100000335e+01,-4.836397618600000214e+01,-5.369389821099999693e+01,-3.715554099900000296e+01
8.254124124100000515e+00,-3.724601266799999877e+01,-3.685177182599999668e+01,-4.371122680500000257e+01,-5.503300180000000097e+01,-3.548913543700000162e+01
8.274134134100000537e+00,-3.787259087900000054e+01,-3.698984218900000087e+01,-4.408666064900000237e+01,-4.787906865200000084e+01,-3.600683516000000139e+01
8.294144144100000560e+00,-3.909219896399999783e+01,-3.566714442899999682e+01,-4.366508074400000083e+01,-6.670297086600000114e+01,-3.681073316700000220e+01
8.314154154200000590e+00,-4.049375414800000073e+01,-3.531472614300000146e+01,-4.411719502199999710e+01,-5.612302469800000182e+01,-3.815669221000000277e+01
8.334164164200000613e+00,-3.863642722400000196e+01,-3.500795944499999734e+01,-4.060466056700000337e+01,-5.652845096099999722e+01,-3.833578605299999964e+01
8.354174174200000635e+00,-3.942243789100000129e+01,-3.472667068500000198e+01,-4.209135487799999709e+01,-5.773171150900000015e+01,-3.832081969000000043e+01
8.374184184200000658e+00,-3.860179185799999857e+01,-3.777695498399999963e+01,-4.462938255000000254e+01,-5.595465640999999835e+01,-4.222790431800000022e+01
8.394194194200000680e+00,-4.028532837000000200e+01,-3.531516766499999704e+01,-4.333052828499999976e+01,-4.653956240600000172e+01,-3.989553260000000279e+01
8.414204204199998927e+00,-3.746069226600000235e+01,-3.812326308299999766e+01,-4.001039874700000354e+01,-5.248935080799999753e+01,-4.030697188500000294e+01
8.434214214199998949e+00,-3.841615218500000140e+01,-3.673970266199999912e+01,-3.820609297000000026e+01,-6.628581960399999673e+01,-4.039093805499999945e+01
8.454224224199998972e+00,-3.891200985599999740e+01,-3.912717501200000214e+01,-4.008963154700000331e+01,-6.140429406399999834e+01,-4.334080724700000076e+01
8.474234234199998994e+00,-3.864314571399999920e+01,-4.087363174000000043e+01,-4.335974809500000049e+01,-4.732115255299999745e+01,-4.173806147599999861e+01
8.494244244199999017e+00,-3.803632452099999739e+01,-4.184291119600000286e+01,-4.127084499699999753e+01,-6.039977044599999800e+01,-4.199511333699999938e+01
8.514254254300000824e+00,-3.652355233200000129e+01,-4.002258931899999794e+01,-4.132933537899999976e+01,-6.156101037700000234e+01,-4.196743047199999666e+01
8.534264264300000846e+00,-4.131659270800000172e+01,-4.129961942599999958e+01,-4.254345841800000017e+01,-5.011935981399999918e+01,-3.954092914400000325e+01
8.554274274300000869e+00,-3.991222505700000056e+01,-4.453632397300000179e+01,-4.130482731499999716e+01,-5.671289862300000095e+01,-4.534115808699999661e+01
8.574284284300000891e+00,-3.698601417399999747e+01,-4.355602035399999750e+01,-4.049254396700000314e+01,-5.830597338100000115e+01,-3.984490863100000269e+01
8.594294294299999137e+00,-3.740002838699999899e+01,-4.649777552199999775e+01,-3.868055355399999939e+01,-5.269573308900000086e+01,-4.283902380899999685e+01
8.614304304299999160e+00,-3.643284396199999975e+01,-4.689966341400000260e+01,-4.195215871900000337e+01,-5.786340468499999901e+01,-4.029457178700000242e+01
8.634314314299999182e+00,-3.991588437099999709e+01,-4.428958201799999728e+01,-3.890529521900000276e+01,-5.146540332099999659e+01,-4.387450187999999685e+01
8.654324324299999205e+00,-3.898659425099999964e+01,-4.880916760099999863e+01,-4.401005394799999948e+01,-6.644580024100000060e+01,-4.212719254699999993e+01
8.674334334299999227e+00,-3.700975682100000341e+01,-4.551474267500000082e+01,-3.978229738000000282e+01,-4.490480995600000114e+01,-4.546557014399999730e+01
8.694344344299999250e+00,-3.605125318000000334e+01,-4.501661640700000078e+01,-3.903193587399999842e+01,-4.999420404699999665e+01,-4.266940926400000222e+01
8.714354354399999281e+00,-3.974176171100000232e+01,-4.042319510899999813e+01,-4.044534612199999657e+01,-4.847855835299999683e+01,-4.204795198400000089e+01
8.734364364399999303e+00,-3.652559249899999827e+01,-4.247087908000000311e+01,-3.789038051200000012e+01,-5.461596620299999927e+01,-4.401938342900000123e+01
8.754374374399999326e+00,-3.563756141300000024e+01,-4.213020054300000083e+01,-3.938411324799999846e+01,-4.858359762599999954e+01,-4.391530082399999912e+01
8.774384384399999348e+00,-3.690697064700000141e+01,-4.015368411299999707e+01,-3.965158339700000312e+01,-4.633471002400000316e+01,-4.099347317899999865e+01
8.794394394399999371e+00,-3.902173623000000191e+01,-4.139580257200000091e+01,-4.156377403500000156e+01,-4.813000828399999875e+01,-4.142055850599999900e+01
8.814404404399999393e+00,-3.895923476299999777e+01,-4.014906366900000023e+01,-3.839167440100000306e+01,-4.824957604499999775e+01,-4.155100508600000353e+01
8.834414414399999416e+00,-4.413402268600000156e+01,-4.162108471100000173e+01,-3.936976328400000114e+01,-5.236359997099999930e+01,-4.137242415099999704e+01
8.854424424399999438e+00,-4.455922767999999934e+01,-4.147323570599999698e+01,-3.839226309899999734e+01,-4.559958976600000113e+01,-4.060139692799999978e+01
8.874434434399999461e+00,-4.441278510899999787e+01,-4.493079542299999929e+01,-3.871304818499999811e+01,-4.952557209799999782e+01,-3.890110751999999650e+01
8.894444444399999483e+00,-4.328545633899999956e+01,-4.196939488600000345e+01,-3.742861377100000198e+01,-5.083957633499999673e+01,-3.742685190899999981e+01
8.914454454499999514e+00,-3.989768041899999673e+01,-3.991991126799999989e+01,-4.010415952599999656e+01,-4.977675051800000006e+01,-3.618396863200000269e+01
8.934464464499999536e+00,-3.696672918200000169e+01,-4.019213075700000104e+01,-3.904563943400000170e+01,-5.973096435899999790e+01,-3.479279313300000354e+01
8.954474474499999559e+00,-3.951136635900000016e+01,-4.434623288299999899e+01,-3.739684703799999710e+01,-4.887203709399999951e+01,-3.309709459300000134e+01
8.974484484499999581e+00,-3.516285506700000241e+01,-4.761591529399999700e+01,-3.834923663099999658e+01,-4.775529037900000162e+01,-3.259743618800000320e+01
8.994494494499999604e+00,-3.775520907100000301e+01,-4.775894774300000023e+01,-3.958504019200000101e+01,-4.862433547799999900e+01,-3.207308137799999770e+01
9.014504504499999626e+00,-3.383832344799999703e+01,-4.565437244200000322e+01,-3.794682763299999806e+01,-4.813196594099999714e+01,-3.182992223300000134e+01
9.034514514499999649e+00,-3.716875282899999888e+01,-4.236083210599999660e+01,-3.713648741600000136e+01,-4.648606527999999827e+01,-3.039956362199999873e+01
9.054524524499999671e+00,-3.162978955899999889e+01,-4.559579938400000287e+01,-3.821814815199999771e+01,-4.831528259899999966e+01,-2.969426856999999842e+01
9.074534534499999694e+00,-3.231042323900000213e+01,-4.138502241399999804e+01,-3.718492220400000292e+01,-5.034606346900000062e+01,-2.916608991800000084e+01
9.094544544499999716e+00,-3.330945405199999954e+01,-4.129140475100000174e+01,-3.974109440499999835e+01,-5.084321093500000188e+01,-2.955969101499999852e+01
9.114554554599999747e+00,-3.291309870199999921e+01,-4.296078572999999778e+01,-3.953267951600000174e+01,-5.666447806400000076e+01,-2.910447488399999827e+01
9.134564564599999770e+00,-3.276525553100000110e+01,-4.154195613699999967e+01,-3.984865924300000017e+01,-5.744837098699999700e+01,-2.826265248500000027e+01
9.154574574599999792e+00,-3.338450655100000120e+01,-3.976467184100000196e+01,-4.059920233500000109e+01,-6.038009365599999967e+01,-2.850746817099999930e+01
9.174584584599999815e+00,-3.248310820500000062e+01,-4.046798524199999747e+01,-4.291422012299999977e+01,-5.161723704700000326e+01,-2.972449342899999891e+01
9.194594594599999837e+00,-3.199950670799999841e+01,-3.770676082199999968e+01,-4.191136087299999957e+01,-5.478323431799999810e+01,-3.000127206699999860e+01
9.214604604599999860e+00,-3.147828390600000148e+01,-4.121150621999999686e+01,-5.190812572499999789e+01,-5.790152677199999687e+01,-2.986306294999999977e+01
9.234614614599999882e+00,-3.282951024999999845e+01,-4.077946437199999963e+01,-4.660113734800000174e+01,-4.956396327400000246e+01,-3.012612329399999922e+01
9.254624624599999905e+00,-3.204874145400000174e+01,-3.934411949599999758e+01,-5.317565157100000306e+01,-5.823484612899999746e+01,-3.051314078100000060e+01
9.274634634599999927e+00,-3.133883915399999864e+01,-3.981652366600000192e+01,-4.238186393600000201e+01,-5.474880136499999850e+01,-3.066598764900000162e+01
9.294644644599999950e+00,-3.287760969299999658e+01,-4.940495392300000077e+01,-4.899388207300000175e+01,-4.548035666799999888e+01,-3.115738644700000037e+01
9.314654654699999980e+00,-3.368770540900000299e+01,-4.088190307400000023e+01,-5.055369986499999868e+01,-6.589425689399999442e+01,-3.087269421499999922e+01
9.334664664700000003e+00,-3.199921093900000102e+01,-4.664220245900000350e+01,-4.455332570699999906e+01,-4.974832810200000210e+01,-3.235697795200000115e+01
9.354674674700000025e+00,-3.218570888699999699e+01,-4.681676192199999775e+01,-4.609845099199999652e+01,-5.355042198099999951e+01,-3.230725321999999977e+01
9.374684684700000048e+00,-3.143997747199999893e+01,-4.965674442699999958e+01,-4.211848545499999830e+01,-4.527591428699999909e+01,-3.205270167700000172e+01
9.394694694700000070e+00,-3.379407437300000083e+01,-4.644214517099999995e+01,-4.316979446199999870e+01,-4.541119713500000188e+01,-3.492309861100000035e+01
9.414704704700000093e+00,-3.260221460599999688e+01,-4.653910764100000108e+01,-4.407842960199999993e+01,-4.194344953099999884e+01,-3.280131720400000006e+01
9.434714714700000115e+00,-3.292919051900000227e+01,-4.116781131799999827e+01,-4.514366285799999901e+01,-4.818458856099999821e+01,-3.412562143600000297e+01
9.454724724700000138e+00,-3.191556508500000078e+01,-4.166733377500000302e+01,-4.370301428799999854e+01,-4.828833254199999914e+01,-3.831280560300000104e+01
9.474734734700000161e+00,-3.318205710400000186e+01,-4.962147193999999928e+01,-4.204269167999999723e+01,-4.354349609300000168e+01,-3.719685366099999868e+01
9.494744744700000183e+00,-3.213424705900000333e+01,-4.641825162300000329e+01,-4.254232507900000115e+01,-4.486458951800000250e+01,-3.648594641199999700e+01
9.514754754799998437e+00,-3.341691000699999847e+01,-4.993140731399999765e+01,-4.314561741899999703e+01,-4.236466880500000087e+01,-3.852098359299999686e+01
9.534764764799998460e+00,-3.247824129800000037e+01,-4.979398819899999751e+01,-3.843259692699999874e+01,-4.491358454099999875e+01,-4.067506218100000126e+01
9.554774774799998482e+00,-3.343366711299999849e+01,-4.221137305100000248e+01,-3.872010592099999826e+01,-4.161037699500000286e+01,-4.499155419699999925e+01
9.574784784799998505e+00,-3.393253907100000077e+01,-4.183940809399999949e+01,-3.926483702699999867e+01,-3.931450620500000070e+01,-4.286851032300000242e+01
9.594794794799998527e+00,-3.684849142299999869e+01,-4.156154786100000109e+01,-3.758479481100000186e+01,-4.031042193900000115e+01,-4.430681322499999908e+01
9.614804804799998550e+00,-3.868269296500000110e+01,-4.039788015999999971e+01,-3.632033435799999666e+01,-4.296738608399999748e+01,-4.261241119499999996e+01
9.634814814799998572e+00,-4.217796497199999806e+01,-4.217516600500000123e+01,-3.519996162399999662e+01,-3.976778073700000249e+01,-4.404678307999999731e+01
9.654824824799998595e+00,-3.685394831800000048e+01,-3.925563018199999732e+01,-3.555958292799999754e+01,-3.682860346100000015e+01,-4.038625669900000048e+01
9.674834834799998617e+00,-3.752285655699999722e+01,-4.679408987899999772e+01,-3.285993335599999909e+01,-3.856345115700000292e+01,-3.845417856099999909e+01
9.694844844799998640e+00,-3.811473569799999694e+01,-3.746227411800000340e+01,-3.270819769599999915e+01,-4.131409568200000137e+01,-3.669567343300000317e+01
9.714854854900000447e+00,-3.646704564099999857e+01,-4.369299705200000261e+01,-3.411362469400000208e+01,-4.029459162700000263e+01,-3.719039353899999867e+01
9.734864864900000470e+00,-3.775322204199999732e+01,-4.384838749499999722e+01,-3.185143637799999894e+01,-4.088407457999999650e+01,-3.718850106200000027e+01
9.754874874900000492e+00,-3.761082849900000014e+01,-4.956798551100000338e+01,-3.277313822200000004e+01,-4.349486913599999838e+01,-3.705777037699999710e+01
9.774884884899998738e+00,-3.622975629700000155e+01,-5.449652860100000140e+01,-3.233531196100000216e+01,-3.943656894299999749e+01,-3.631464981399999914e+01
9.794894894899998761e+00,-3.811615697199999886e+01,-5.707800129299999981e+01,-3.337852110099999692e+01,-4.660225087300000268e+01,-3.510731445700000108e+01
9.814904904899998783e+00,-3.429552013600000038e+01,-4.221848263500000087e+01,-3.446953225800000098e+01,-4.159138733099999996e+01,-3.398288184999999828e+01
9.834914914899998806e+00,-3.789757316200000048e+01,-4.893147501299999647e+01,-3.242715294599999964e+01,-5.609116308299999787e+01,-3.434854922200000260e+01
9.854924924899998828e+00,-4.071266112299999662e+01,-4.574703033899999838e+01,-3.222007164200000062e+01,-4.316454680799999721e+01,-3.254598356799999692e+01
9.874934934899998851e+00,-3.915913485499999780e+01,-4.166791517899999775e+01,-3.394365648600000185e+01,-4.229843307000000152e+01,-3.319176423100000051e+01
9.894944944899998873e+00,-3.831093659199999735e+01,-5.292577304499999968e+01,-3.286052227300000084e+01,-4.278670377400000291e+01,-3.268621665900000295e+01
9.914954955000000680e+00,-4.236803897299999733e+01,-6.758500264799999968e+01,-3.418473132799999803e+01,-4.474378406600000346e+01,-3.138027954400000041e+01
9.934964965000000703e+00,-4.570729837300000042e+01,-4.297627298599999790e+01,-3.419003488300000271e+01,-3.994337804799999958e+01,-3.095939164500000018e+01
9.954974975000000725e+00,-4.335640244500000051e+01,-4.480575610199999659e+01,-3.336392327200000096e+01,-3.862861303599999729e+01,-3.184477268899999913e+01
9.974984985000000748e+00,-5.384662276200000264e+01,-4.764899949499999821e+01,-3.350595811200000185e+01,-3.515797122200000047e+01,-3.201626830299999682e+01
9.994994995000000770e+00,-4.502633038900000173e+01,-5.603978801099999885e+01,-3.217648743200000183e+01,-3.794269512799999688e+01,-3.081705173699999989e+01
1.001500500500000079e+01,-4.052640301000000278e+01,-3.743163308599999795e+01,-3.192304658600000167e+01,-3.920615058500000316e+01,-3.050900417800000142e+01
1.003501501500000082e+01,-5.064457663299999979e+01,-4.203033389099999795e+01,-3.083747920400000098e+01,-3.507244635499999674e+01,-3.002479844699999845e+01
1.005502502500000084e+01,-3.968200975199999903e+01,-4.099452798499999773e+01,-3.080408321299999841e+01,-3.596170757200000168e+01,-3.197441463999999911e+01
1.007503503500000086e+01,-3.778965942899999675e+01,-4.044464443199999693e+01,-2.898722837700000099e+01,-3.807834241300000144e+01,-3.009436506999999850e+01
1.009504504500000088e+01,-4.386667049399999740e+01,-3.625906085100000098e+01,-2.744139960200000061e+01,-3.400599041000000256e+01,-2.990594347100000050e+01
1.011505505499999913e+01,-4.314901560700000260e+01,-3.481290519899999936e+01,-2.700430628200000172e+01,-3.533027496900000131e+01,-3.061340989400000012e+01
1.013506506499999915e+01,-4.744380708999999996e+01,-3.977163336899999990e+01,-2.764177974700000107e+01,-3.649814370600000046e+01,-2.976802340100000066e+01
1.015507507499999917e+01,-3.767090378900000047e+01,-5.048348708099999982e+01,-2.693582488599999891e+01,-3.438433657699999912e+01,-2.956005111400000018e+01
1.017508508499999920e+01,-3.956489953900000245e+01,-5.373427138800000336e+01,-2.747118536900000052e+01,-3.660773497000000276e+01,-2.967784347999999994e+01
1.019509509499999922e+01,-4.424870720599999885e+01,-5.022287778900000177e+01,-2.607372668200000021e+01,-3.323571020499999662e+01,-3.020301444600000096e+01
1.021510510499999924e+01,-4.014876928799999689e+01,-4.342104290200000349e+01,-2.689746617200000145e+01,-3.393281440399999838e+01,-3.099369097800000006e+01
1.023511511499999926e+01,-3.961434019299999676e+01,-4.392218954999999880e+01,-2.533466642300000160e+01,-3.587368727700000193e+01,-2.941087887899999842e+01
1.025512512499999929e+01,-3.686937062199999815e+01,-4.192125104899999855e+01,-2.663677482499999982e+01,-3.346814282599999757e+01,-2.916773308899999861e+01
1.027513513499999931e+01,-4.129195889399999686e+01,-4.528913083100000136e+01,-2.619170481100000103e+01,-3.338552242099999745e+01,-3.107098563099999922e+01
1.029514514499999933e+01,-4.892845438900000232e+01,-5.256352691699999724e+01,-2.584118686400000087e+01,-3.214740211600000208e+01,-3.121288716100000116e+01
1.031515515499999935e+01,-4.846255984799999794e+01,-4.592358075599999978e+01,-2.615594067400000000e+01,-3.246874792799999909e+01,-3.090936351099999868e+01
1.033516516499999938e+01,-4.394811676500000175e+01,-4.599177903300000025e+01,-2.712951680000000110e+01,-3.392201365199999685e+01,-3.207577102799999835e+01
1.035517517499999940e+01,-4.183588993200000061e+01,-4.434890801600000287e+01,-2.806574441200000081e+01,-3.314929273599999959e+01,-3.402478111500000324e+01
1.037518518499999942e+01,-4.118721725099999986e+01,-4.118769783300000142e+01,-2.876833556400000091e+01,-3.198069060099999916e+01,-3.311975678299999970e+01
1.039519519499999944e+01,-4.174479334000000108e+01,-4.208268652400000320e+01,-2.716652465299999974e+01,-3.360758400299999948e+01,-3.146516921399999944e+01
1.041520520499999947e+01,-3.954279804099999751e+01,-4.124296459300000350e+01,-2.842301979200000162e+01,-3.260580517999999728e+01,-3.035019680099999917e+01
1.043521521499999949e+01,-5.216263774200000114e+01,-3.352426577800000018e+01,-2.843440082600000096e+01,-3.277341285499999657e+01,-3.105257732899999823e+01
1.045522522499999951e+01,-4.489008643300000045e+01,-4.717785749099999748e+01,-2.939008617600000051e+01,-3.190579970399999965e+01,-3.183136303499999897e+01
1.047523523499999953e+01,-4.124919762700000092e+01,-4.029801291100000071e+01,-3.115574470500000004e+01,-3.318129465700000225e+01,-3.085099135100000112e+01
1.049524524499999956e+01,-4.282908999299999664e+01,-3.595933575299999774e+01,-3.224092593999999679e+01,-3.279958673099999800e+01,-3.231922311699999995e+01
1.051525525499999958e+01,-4.923882023099999827e+01,-3.570287462499999975e+01,-2.968647234599999862e+01,-3.152702546100000092e+01,-3.114581422999999916e+01
1.053526526499999960e+01,-4.169913137999999719e+01,-4.703846499000000136e+01,-3.072000541099999893e+01,-3.271419965100000127e+01,-3.268305996400000168e+01
1.055527527499999962e+01,-5.555177893700000169e+01,-3.703573594000000213e+01,-3.087960100999999824e+01,-3.447551975500000054e+01,-3.118593949099999918e+01
1.057528528499999965e+01,-4.409994218399999966e+01,-4.336937996199999645e+01,-2.949806110300000128e+01,-3.218699864900000307e+01,-3.166089262599999898e+01
1.059529529499999967e+01,-6.328590416200000135e+01,-3.630032243800000202e+01,-2.996197325199999995e+01,-3.446256716100000261e+01,-3.100537279499999954e+01
1.061530530499999969e+01,-5.216328776600000339e+01,-4.162449714699999959e+01,-3.126111441799999824e+01,-3.470037540199999881e+01,-3.165728073800000075e+01
1.063531531499999971e+01,-5.174192254199999752e+01,-3.421264639900000049e+01,-2.984918264699999924e+01,-3.574441329100000075e+01,-3.290181827699999673e+01
1.065532532499999974e+01,-4.842141161499999669e+01,-4.037246077000000355e+01,-2.905416171999999975e+01,-3.821054449700000077e+01,-3.343035269399999976e+01
1.067533533499999976e+01,-3.954134971500000262e+01,-3.960995508700000300e+01,-2.980059412199999969e+01,-3.447204370899999759e+01,-3.494562941299999892e+01
1.069534534499999978e+01,-5.817289315400000049e+01,-3.580087941299999699e+01,-2.969337190499999934e+01,-3.868393782900000133e+01,-3.623339013100000017e+01
1.071535535499999980e+01,-4.657319126600000203e+01,-3.429600039200000339e+01,-2.956055700799999997e+01,-3.788876469299999883e+01,-3.272659897199999790e+01
1.073536536499999983e+01,-4.283682531600000232e+01,-5.636154619900000284e+01,-2.965601618599999867e+01,-3.421766684199999986e+01,-3.512905387400000023e+01
1.075537537499999985e+01,-4.227349303599999786e+01,-3.895518627799999933e+01,-3.047837052999999941e+01,-3.477339340599999673e+01,-3.375433655799999855e+01
1.077538538499999987e+01,-4.290020829000000191e+01,-4.093158316499999927e+01,-3.000993417400000141e+01,-3.385440337000000000e+01,-3.635246527099999980e+01
1.079539539499999989e+01,-4.272590655300000151e+01,-3.206412516200000340e+01,-2.964821006200000042e+01,-3.378177520399999878e+01,-3.676117843899999826e+01
1.081540540499999992e+01,-4.571302332100000143e+01,-3.853982953500000264e+01,-3.098113584500000073e+01,-3.316672838400000245e+01,-3.210114285299999892e+01
1.083541541499999994e+01,-3.854435362000000254e+01,-4.645588336200000157e+01,-3.137961797299999844e+01,-3.383695238300000341e+01,-3.211604692699999930e+01
1.085542542499999996e+01,-4.226814893699999942e+01,-4.524134732099999923e+01,-2.993104747299999957e+01,-3.299726092299999891e+01,-3.437809722600000129e+01
1.087543543499999998e+01,-4.220175679999999829e+01,-3.835055104799999981e+01,-2.975739640200000125e+01,-3.289499924999999791e+01,-3.332059818700000164e+01
1.089544544500000001e+01,-3.537929764199999738e+01,-3.803961744200000084e+01,-3.349491976299999862e+01,-3.243776702699999959e+01,-3.450064809999999937e+01
1.091545545500000003e+01,-3.722234895199999727e+01,-3.869387072300000341e+01,-3.152111711599999921e+01,-3.020045963300000125e+01,-3.769010279999999824e+01
1.093546546500000005e+01,-4.026556450399999676e+01,-3.938388226000000003e+01,-3.196671682199999864e+01,-3.247824671299999721e+01,-3.331996940999999879e+01
1.095547547500000007e+01,-3.642909991599999842e+01,-3.884592551899999791e+01,-3.365108934700000276e+01,-3.007188568799999828e+01,-3.687187158799999764e+01
1.097548548500000010e+01,-5.134197654399999777e+01,-4.758446479599999890e+01,-3.138166682900000026e+01,-2.871540477099999933e+01,-3.477490839400000056e+01
1.099549549500000012e+01,-3.586051929900000346e+01,-3.979384231800000293e+01,-3.433932570900000059e+01,-2.819672019400000096e+01,-3.459851554299999776e+01
1.101550550600000022e+01,-4.986307573100000212e+01,-3.531696908600000029e+01,-3.532209665300000268e+01,-2.917019869800000009e+01,-3.533672021099999938e+01
1.103551551600000025e+01,-4.968747708899999793e+01,-4.797867107399999753e+01,-3.393596935200000075e+01,-2.910513705700000031e+01,-3.468427565799999712e+01
1.105552552600000027e+01,-4.272978177099999897e+01,-3.934953838100000212e+01,-3.675841668199999646e+01,-2.682215965700000027e+01,-3.242059176600000114e+01
1.107553553600000029e+01,-3.911691759600000040e+01,-4.148191156600000085e+01,-3.762318994400000349e+01,-2.669628245000000177e+01,-3.512607096800000051e+01
1.109554554600000031e+01,-4.667934693899999843e+01,-3.433747951099999796e+01,-3.680453611899999800e+01,-2.667964939599999852e+01,-3.303156455700000294e+01
1.111555555600000034e+01,-4.338420040100000108e+01,-3.351605089499999934e+01,-3.745455561400000022e+01,-2.607420630600000067e+01,-3.304793766400000266e+01
1.113556556600000036e+01,-4.422427416699999725e+01,-3.460682536099999851e+01,-3.778429493699999853e+01,-2.565851260299999836e+01,-3.166226365200000004e+01
1.115557557600000038e+01,-3.856101809999999830e+01,-3.551450245699999897e+01,-3.882691310100000237e+01,-2.565105548900000088e+01,-3.341370323900000017e+01
1.117558558600000040e+01,-4.391335891899999666e+01,-3.875582184400000330e+01,-3.831303210800000159e+01,-2.520786883099999898e+01,-3.047356849499999853e+01
1.119559559600000043e+01,-3.952154141599999804e+01,-3.398493365299999880e+01,-3.772511226799999662e+01,-2.499481273700000017e+01,-3.155722838399999830e+01
1.121560560600000045e+01,-3.761122582699999839e+01,-3.313015736100000197e+01,-3.786566626700000171e+01,-2.534623346400000088e+01,-3.074094101200000040e+01
1.123561561600000047e+01,-4.944731385400000079e+01,-4.071204917099999676e+01,-3.973316004899999854e+01,-2.477432192299999869e+01,-2.908500234299999931e+01
1.125562562600000049e+01,-4.188014406500000320e+01,-3.304589495399999777e+01,-3.609492788499999705e+01,-2.402510630600000141e+01,-3.062451786300000123e+01
1.127563563600000052e+01,-3.646502013300000300e+01,-3.606507347200000169e+01,-3.465743805900000041e+01,-2.406192230899999984e+01,-2.928285445499999895e+01
1.129564564600000054e+01,-3.683251128300000232e+01,-4.119550474300000076e+01,-3.392949006900000342e+01,-2.427538790099999844e+01,-2.784407899700000044e+01
1.131565565600000056e+01,-4.016534630000000305e+01,-3.580028743799999802e+01,-3.249929699100000136e+01,-2.409467266200000068e+01,-3.003696994099999884e+01
1.133566566600000058e+01,-3.802610664499999871e+01,-3.996934979600000304e+01,-3.411053351799999689e+01,-2.401698004600000047e+01,-2.862663474000000008e+01
1.135567567600000061e+01,-4.135803796300000101e+01,-3.585540779600000150e+01,-3.375981059899999792e+01,-2.394528894700000166e+01,-2.830875064499999993e+01
1.137568568600000063e+01,-4.540195556799999821e+01,-3.912960121999999785e+01,-3.357378260699999828e+01,-2.415402631399999933e+01,-2.825453776100000169e+01
1.139569569600000065e+01,-4.106125245300000159e+01,-4.199475791999999785e+01,-3.538788662099999982e+01,-2.461822208799999956e+01,-2.723722494900000157e+01
1.141570570600000067e+01,-3.846350191199999813e+01,-3.595082153100000255e+01,-3.609314371899999685e+01,-2.417376356000000115e+01,-2.829525311600000137e+01
1.143571571600000070e+01,-3.999193961000000286e+01,-4.249424477099999820e+01,-3.416300783700000210e+01,-2.474973883099999838e+01,-3.032457425100000137e+01
1.145572572600000072e+01,-3.908861522600000171e+01,-4.513502842500000156e+01,-3.348736402400000145e+01,-2.433547795799999847e+01,-2.662962614899999991e+01
1.147573573600000074e+01,-4.142699904799999899e+01,-4.018943909000000048e+01,-4.258185795600000034e+01,-2.464546373199999962e+01,-2.817585443999999839e+01
1.149574574600000076e+01,-3.460088520400000078e+01,-3.660669931799999688e+01,-3.967937209499999796e+01,-2.497746282900000026e+01,-2.799386145300000095e+01
1.151575575600000079e+01,-3.885698186300000145e+01,-3.541535790100000014e+01,-3.814901104900000206e+01,-2.503381251500000104e+01,-2.965672417200000055e+01
1.153576576600000081e+01,-3.860893530999999967e+01,-4.704230173999999920e+01,-3.632697717700000339e+01,-2.583217515500000161e+01,-3.094278153100000139e+01
1.155577577600000083e+01,-3.519547603299999849e+01,-5.237377266400000053e+01,-3.641191349300000013e+01,-2.551699497199999911e+01,-2.940314378000000062e+01
1.157578578600000085e+01,-3.651503558800000349e+01,-3.504379787399999913e+01,-3.975355201400000027e+01,-2.619133435299999846e+01,-2.864385924999999844e+01
1.159579579600000088e+01,-3.524857852200000252e+01,-3.509242174100000256e+01,-3.916362471699999759e+01,-2.731165778600000138e+01,-3.054798952200000173e+01
1.161580580599999912e+01,-3.464379911300000003e+01,-5.513763208600000354e+01,-3.612711946400000329e+01,-2.639519776699999909e+01,-2.817094741600000063e+01
1.163581581599999915e+01,-3.835112949199999832e+01,-3.576383987599999870e+01,-4.081547379500000261e+01,-2.643258466200000001e+01,-3.140010122500000023e+01
1.165582582599999917e+01,-3.254811885400000193e+01,-3.346408233399999688e+01,-3.981900237699999678e+01,-2.734985167700000019e+01,-2.957579916599999947e+01
1.167583583599999919e+01,-3.082267136500000149e+01,-3.859778134999999821e+01,-3.567505273900000162e+01,-2.663911907299999982e+01,-2.708631164799999880e+01
1.169584584599999921e+01,-3.719415576699999804e+01,-4.120539492599999676e+01,-3.619151345400000253e+01,-2.839684099500000158e+01,-2.835409890200000049e+01
1.171585585599999924e+01,-3.748692074200000235e+01,-3.671191316800000237e+01,-3.607947732699999932e+01,-2.854533329199999869e+01,-2.891498517400000168e+01
1.173586586599999926e+01,-2.853879938200000055e+01,-4.536335973399999943e+01,-3.813888990099999887e+01,-2.838675067000000141e+01,-2.882545802399999957e+01
1.175587587599999928e+01,-3.048622207400000050e+01,-4.638089927800000112e+01,-3.656714229600000010e+01,-2.819144547300000170e+01,-2.976145561799999939e+01
1.177588588599999930e+01,-3.900214153699999997e+01,-4.598596569099999698e+01,-3.405846667000000139e+01,-2.941726122800000098e+01,-2.716245624800000158e+01
1.179589589599999933e+01,-3.829821692699999858e+01,-3.872733358899999700e+01,-3.512905942100000090e+01,-2.736055018300000086e+01,-2.791434803499999973e+01
1.181590590599999935e+01,-3.723520659900000140e+01,-4.059697756399999946e+01,-3.426823488400000173e+01,-2.895849289899999945e+01,-2.857936162300000049e+01
1.183591591599999937e+01,-3.788773569600000002e+01,-4.328648289400000237e+01,-3.395376363199999759e+01,-2.842387382100000082e+01,-2.844787721000000147e+01
1.185592592599999939e+01,-3.588145491800000286e+01,-4.965609562000000210e+01,-3.332588873099999915e+01,-2.951169058500000020e+01,-2.835439772999999875e+01
1.187593593599999942e+01,-3.558807325400000110e+01,-3.523559284000000247e+01,-3.150857789100000161e+01,-3.011953705799999881e+01,-2.794267980000000051e+01
1.189594594599999944e+01,-4.089177893800000163e+01,-3.673227644899999689e+01,-2.928022623200000041e+01,-2.963307181700000115e+01,-2.859889916599999893e+01
1.191595595599999946e+01,-3.056528228000000169e+01,-4.717748432199999797e+01,-3.041886221700000092e+01,-2.933985614899999916e+01,-2.933974490499999987e+01
1.193596596599999948e+01,-3.149815137599999915e+01,-4.322327718799999730e+01,-3.105793704999999960e+01,-3.093819780200000125e+01,-3.118386450099999863e+01
1.195597597599999951e+01,-3.347076209200000108e+01,-3.768458190700000188e+01,-2.943275248000000133e+01,-2.960312333799999962e+01,-2.905367296700000068e+01
1.197598598599999953e+01,-2.815593237399999893e+01,-3.898901545199999674e+01,-2.979765641199999848e+01,-3.064484847900000020e+01,-2.772378336699999934e+01
1.199599599599999955e+01,-3.134261061400000159e+01,-3.735718547300000125e+01,-2.854587672599999948e+01,-3.143293640399999944e+01,-2.954079168199999827e+01
1.201600600599999957e+01,-3.374584892400000058e+01,-4.931513899400000156e+01,-2.812154178700000173e+01,-2.871506230900000034e+01,-2.927851000800000136e+01
1.203601601599999960e+01,-2.848046090300000088e+01,-3.105351982899999896e+01,-2.958045475999999852e+01,-2.968816985500000172e+01,-3.100542589300000174e+01
1.205602602599999962e+01,-3.401606824099999926e+01,-4.564687570600000299e+01,-2.810237406899999968e+01,-2.918770309499999982e+01,-2.895538701699999962e+01
1.207603603599999964e+01,-2.950595666699999953e+01,-4.737235594799999916e+01,-2.775066987699999999e+01,-3.076224697500000005e+01,-2.708470589199999878e+01
1.209604604599999966e+01,-3.418775832400000070e+01,-3.230130125099999816e+01,-2.795099566600000074e+01,-3.192121977200000060e+01,-2.852237978699999843e+01
1.211605605599999969e+01,-2.926942650399999835e+01,-4.037689587599999896e+01,-2.801203880299999938e+01,-2.902257136000000060e+01,-2.951616745500000150e+01
1.213606606599999971e+01,-3.265802184999999724e+01,-4.198425004799999982e+01,-2.792588138500000028e+01,-2.798369070500000078e+01,-3.021400433899999882e+01
1.215607607599999973e+01,-2.784885887000000082e+01,-3.853732891300000318e+01,-2.826693628599999997e+01,-3.158139204400000111e+01,-3.036996103499999933e+01
1.217608608599999975e+01,-3.097170370799999972e+01,-3.909700266000000113e+01,-2.716295944399999840e+01,-2.830569116499999893e+01,-3.466732445000000240e+01
1.219609609599999978e+01,-2.762273451300000104e+01,-2.979255199800000042e+01,-2.681611143800000008e+01,-2.987638823400000021e+01,-3.040356781599999891e+01
1.221610610599999980e+01,-3.406953321999999673e+01,-3.658348940799999838e+01,-2.798841207499999939e+01,-2.823438178700000023e+01,-3.020481438099999849e+01
1.223611611599999982e+01,-3.439246032799999853e+01,-3.067249826200000129e+01,-2.796430219200000167e+01,-3.205231396100000296e+01,-3.083186012999999903e+01
1.225612612599999984e+01,-3.005381669799999855e+01,-3.335963108299999647e+01,-2.858599285600000073e+01,-3.022016197499999990e+01,-3.172112454899999889e+01
1.227613613599999987e+01,-3.351671913399999880e+01,-3.672215875300000221e+01,-2.570842239299999932e+01,-3.299933093199999945e+01,-3.209505606999999827e+01
1.229614614599999989e+01,-3.295178851299999678e+01,-3.199825399699999906e+01,-2.779757856000000160e+01,-2.988768220600000092e+01,-3.016612534100000076e+01
1.231615615599999991e+01,-3.148415282199999865e+01,-4.752547865300000041e+01,-2.608084488000000079e+01,-3.020288170699999952e+01,-3.085826434100000171e+01
1.233616616599999993e+01,-2.947490199199999950e+01,-3.977921582100000109e+01,-2.634996112400000001e+01,-3.323265372200000201e+01,-3.228971357799999709e+01
1.235617617599999996e+01,-3.391864163099999985e+01,-3.280346454600000072e+01,-2.717367988699999870e+01,-3.123911299899999960e+01,-3.050354265800000064e+01
1.237618618599999998e+01,-2.992875925399999915e+01,-3.426971508799999810e+01,-2.705088528499999967e+01,-3.171288999900000150e+01,-3.032823365899999857e+01
1.239619619600000000e+01,-3.295705508399999673e+01,-3.153477489799999844e+01,-2.760850921000000113e+01,-3.467997729500000048e+01,-2.912699166999999889e+01
1.241620620600000002e+01,-3.217706961500000062e+01,-3.099677783199999936e+01,-2.900546161300000136e+01,-3.438639232799999945e+01,-3.171927692899999940e+01
1.243621621600000005e+01,-3.687361086800000010e+01,-3.644170661700000124e+01,-2.982688420799999918e+01,-3.231549249300000071e+01,-3.154344301300000097e+01
1.245622622600000007e+01,-4.430179977099999888e+01,-3.415716224500000209e+01,-2.898206269599999985e+01,-3.376093511999999919e+01,-3.277278235299999665e+01
1.247623623600000009e+01,-2.988466355999999990e+01,-3.270197861700000175e+01,-2.772192595799999992e+01,-3.191108918999999844e+01,-3.184672673300000056e+01
1.249624624600000011e+01,-3.086745615799999953e+01,-3.102470002900000168e+01,-2.905820968900000167e+01,-3.086811961900000156e+01,-3.270608070800000178e+01
1.251625625600000014e+01,-3.566855463299999940e+01,-3.034650752800000006e+01,-3.044577922399999892e+01,-3.194506774199999910e+01,-3.318157584400000104e+01
1.253626626600000016e+01,-3.138820783199999909e+01,-2.833180434599999842e+01,-2.795519541199999836e+01,-2.948963309299999835e+01,-2.921911481500000107e+01
1.255627627600000018e+01,-4.316124411100000202e+01,-3.541121294599999914e+01,-2.966077492300000173e+01,-3.117739028800000156e+01,-3.597239373899999748e+01
1.257628628600000020e+01,-4.385891721099999785e+01,-3.461252555800000152e+01,-2.909237020000000129e+01,-3.009531236600000170e+01,-3.505014536099999845e+01
1.259629629600000023e+01,-3.559212488800000074e+01,-3.239491870500000203e+01,-2.739623084999999847e+01,-3.139824275499999828e+01,-4.292656477399999915e+01
1.261630630600000025e+01,-3.312315306899999712e+01,-3.747872164399999662e+01,-2.785628255900000028e+01,-3.081424719500000009e+01,-3.728713470699999988e+01
1.263631631600000027e+01,-4.224022878000000247e+01,-3.541740306399999838e+01,-2.883383200200000118e+01,-3.341882048800000149e+01,-3.984305680700000352e+01
1.265632632600000029e+01,-4.815548235899999696e+01,-3.274893744799999951e+01,-2.790175393299999840e+01,-3.488571199399999756e+01,-3.638352981700000299e+01
1.267633633600000032e+01,-4.011851513199999886e+01,-3.956194311600000191e+01,-2.881497058500000108e+01,-3.314201182600000095e+01,-4.186239376500000020e+01
1.269634634600000034e+01,-3.669889149400000150e+01,-4.551109965300000226e+01,-2.886886512099999891e+01,-3.463074913999999893e+01,-4.161225226599999871e+01
1.271635635600000036e+01,-3.499293682399999739e+01,-4.060451037899999704e+01,-3.058571493799999885e+01,-3.812199852999999905e+01,-3.998329726600000100e+01
1.273636636600000038e+01,-2.988701480399999966e+01,-3.251580084599999765e+01,-3.313542230499999874e+01,-3.974809831500000001e+01,-3.575202430400000253e+01
1.275637637600000041e+01,-2.778729665599999876e+01,-3.091301826799999830e+01,-2.971365109599999954e+01,-3.554810217200000011e+01,-3.956497308299999816e+01
1.277638638600000043e+01,-4.690107142299999765e+01,-3.818186985399999855e+01,-2.991719177399999907e+01,-3.619910277400000354e+01,-3.746894549699999999e+01
1.279639639600000045e+01,-3.416393252999999675e+01,-3.258315838200000059e+01,-3.186204888900000043e+01,-3.852963240799999767e+01,-4.468805048600000163e+01
1.281640640600000047e+01,-3.305213274799999823e+01,-3.877827738300000249e+01,-2.847963469999999830e+01,-3.648890174200000303e+01,-3.863329203299999648e+01
1.283641641600000050e+01,-4.113366637699999728e+01,-3.398727274299999834e+01,-3.050995135699999850e+01,-3.841167069400000145e+01,-4.253121041600000041e+01
1.285642642600000052e+01,-3.623531909900000159e+01,-3.406985576299999963e+01,-2.908886345799999873e+01,-3.422348836199999766e+01,-3.731182438700000148e+01
1.287643643600000054e+01,-4.281970701000000190e+01,-4.468931169199999687e+01,-3.189656879600000039e+01,-3.688036204600000190e+01,-3.917405535999999699e+01
1.289644644600000056e+01,-3.776276732000000180e+01,-3.534498186799999786e+01,-3.344095741299999958e+01,-3.700972462499999693e+01,-4.182115689399999781e+01
1.291645645600000059e+01,-5.237225018699999879e+01,-3.415681545900000060e+01,-3.321756982099999789e+01,-3.916351824000000192e+01,-5.068745867199999822e+01
1.293646646600000061e+01,-3.046808014499999828e+01,-3.324345443699999691e+01,-3.084793039599999886e+01,-3.468562731299999768e+01,-3.871697277100000179e+01
1.295647647600000063e+01,-3.812126753599999773e+01,-3.162378480699999983e+01,-3.250919007699999952e+01,-3.487996725499999684e+01,-4.045116515299999804e+01
1.297648648600000065e+01,-3.245428480100000002e+01,-3.885049282399999981e+01,-3.181695239000000086e+01,-4.328489986299999970e+01,-3.921195312500000085e+01
1.299649649600000068e+01,-3.175238677200000126e+01,-4.900054795900000215e+01,-4.178270483499999699e+01,-3.773286957399999864e+01,-4.299815560399999725e+01
1.301650650700000078e+01,-3.338315738299999680e+01,-4.386012555800000001e+01,-3.731945912599999815e+01,-3.594548704599999667e+01,-4.858417424600000345e+01
1.303651651700000080e+01,-3.976573624400000284e+01,-4.960533998399999689e+01,-3.800661158500000170e+01,-4.396590606499999865e+01,-4.397718433800000071e+01
1.305652652700000083e+01,-3.269151123700000028e+01,-3.896899773799999878e+01,-3.162333487000000076e+01,-3.192366969000000054e+01,-4.293124363599999782e+01
1.307653653700000085e+01,-3.007376001000000088e+01,-4.329891453199999773e+01,-3.290203618400000352e+01,-3.686851396099999789e+01,-3.896980435799999753e+01
1.309654654700000087e+01,-3.240146803799999731e+01,-3.486093684800000148e+01,-3.151700576400000031e+01,-3.730627505799999710e+01,-3.657127225800000048e+01
1.311655655699999912e+01,-3.074732928399999921e+01,-2.871845324099999885e+01,-3.792967802799999788e+01,-3.749347562999999894e+01,-5.115988565899999685e+01
1.313656656699999914e+01,-3.252204586100000228e+01,-3.359512917200000004e+01,-3.420448809100000176e+01,-4.028730177700000326e+01,-3.231525407200000188e+01
1.315657657699999916e+01,-3.159203639400000085e+01,-3.105616927699999863e+01,-3.444808886599999909e+01,-3.281405976799999991e+01,-4.309608538100000175e+01
1.317658658699999918e+01,-4.441199515600000325e+01,-3.627550927200000075e+01,-3.522327455599999979e+01,-3.737176285500000006e+01,-3.888228972499999969e+01
1.319659659699999921e+01,-3.368124336599999680e+01,-4.256211800700000225e+01,-3.049667998600000018e+01,-3.538126470899999987e+01,-3.460669267800000171e+01
1.321660660699999923e+01,-4.140440167199999877e+01,-3.130380768199999864e+01,-3.081599055399999898e+01,-3.850578967599999913e+01,-4.356595101599999964e+01
1.323661661699999925e+01,-3.594369885100000062e+01,-3.903001624000000191e+01,-3.139055883300000005e+01,-3.844725550900000144e+01,-4.109292490299999656e+01
1.325662662699999927e+01,-3.390056510699999848e+01,-3.402706629800000115e+01,-2.909750101699999902e+01,-3.995534542499999731e+01,-4.855127877799999681e+01
1.327663663699999930e+01,-4.020623538299999922e+01,-3.219986045099999927e+01,-2.846939523300000019e+01,-3.714326662599999906e+01,-3.985722716299999746e+01
1.329664664699999932e+01,-3.669025275700000321e+01,-3.321093109699999957e+01,-2.662346809399999970e+01,-3.662949288299999751e+01,-3.843738091899999887e+01
1.331665665699999934e+01,-3.341390868300000250e+01,-2.891771675200000047e+01,-2.784067027200000055e+01,-3.805357627699999767e+01,-3.982052284299999911e+01
1.333666666699999936e+01,-2.917567100600000174e+01,-3.236130748000000068e+01,-2.786620350000000101e+01,-4.187322800799999811e+01,-3.864129619900000279e+01
1.335667667699999939e+01,-3.483024312700000280e+01,-2.558171981299999942e+01,-2.693208653800000008e+01,-3.521354324800000057e+01,-3.699193400499999740e+01
1.337668668699999941e+01,-3.580476792300000000e+01,-2.833013733099999953e+01,-2.721245853299999951e+01,-3.604578781200000037e+01,-3.143128807200000097e+01
1.339669669699999943e+01,-3.613673547700000199e+01,-4.330788122100000237e+01,-2.824081079600000166e+01,-3.404364806600000293e+01,-3.846609897599999783e+01
1.341670670699999945e+01,-2.629433364300000164e+01,-3.187967830399999869e+01,-2.603845507200000142e+01,-3.359955760700000127e+01,-3.528397068499999989e+01
1.343671671699999948e+01,-3.360491820499999704e+01,-3.913814209899999952e+01,-2.911285000299999837e+01,-3.633652246199999780e+01,-3.552318863899999712e+01
1.345672672699999950e+01,-3.441139389800000004e+01,-3.195123389200000119e+01,-2.972292378199999874e+01,-3.323769355999999675e+01,-3.411744018299999937e+01
1.347673673699999952e+01,-4.350581867399999680e+01,-2.924137423399999847e+01,-2.808055176499999916e+01,-3.094802200599999864e+01,-3.775135884200000191e+01
1.349674674699999954e+01,-3.563823356099999984e+01,-3.048310455600000068e+01,-2.950744788000000085e+01,-3.354849752199999813e+01,-3.347009602300000353e+01
1.351675675699999957e+01,-3.619069683099999679e+01,-2.360398581600000156e+01,-2.779961023599999947e+01,-3.659498727900000148e+01,-3.348862606699999844e+01
1.353676676699999959e+01,-3.513444779000000295e+01,-3.667013755800000041e+01,-2.783804697100000070e+01,-3.378154632900000109e+01,-2.936045880800000063e+01
1.355677677699999961e+01,-2.976983798499999878e+01,-3.923807398900000010e+01,-2.755807555799999875e+01,-5.028624990099999792e+01,-3.572433201900000199e+01
1.357678678699999963e+01,-3.629966195699999787e+01,-3.652374729800000352e+01,-2.771484172799999968e+01,-3.963892709299999950e+01,-4.292062985199999758e+01
1.359679679699999966e+01,-3.227682922700000034e+01,-2.972339938300000028e+01,-3.089635887300000050e+01,-5.237210611100000079e+01,-3.368830720599999751e+01
1.361680680699999968e+01,-4.194881792999999703e+01,-3.934550257000000073e+01,-3.159293032600000117e+01,-4.346568370600000009e+01,-3.187067872600000129e+01
1.363681681699999970e+01,-3.416187641300000166e+01,-3.295263022099999972e+01,-2.978429623799999959e+01,-3.296873280100000159e+01,-3.141977149399999902e+01
1.365682682699999972e+01,-3.256513676099999799e+01,-3.326177987999999885e+01,-3.073623105600000116e+01,-4.302493517900000342e+01,-3.444298001399999976e+01
1.367683683699999975e+01,-6.549558024700000658e+01,-2.657658318000000008e+01,-2.977405727200000030e+01,-3.784291854899999663e+01,-3.242200713199999740e+01
1.369684684699999977e+01,-3.371762942200000168e+01,-4.830092405300000280e+01,-3.057154513800000117e+01,-5.304976647800000222e+01,-3.195259223300000073e+01
1.371685685699999979e+01,-3.547402491500000110e+01,-3.240168475299999784e+01,-3.052306541999999823e+01,-4.402945803099999722e+01,-3.255137263600000352e+01
1.373686686699999981e+01,-3.310598272000000009e+01,-4.404366188899999912e+01,-2.799601208300000010e+01,-3.588603867399999814e+01,-3.410723415100000011e+01
1.375687687699999984e+01,-3.359702196599999979e+01,-3.859813722399999847e+01,-2.793473087199999938e+01,-3.782940359599999880e+01,-3.749049492200000344e+01
1.377688688699999986e+01,-3.214952327099999962e+01,-3.760517645099999839e+01,-2.868051920899999985e+01,-4.770885980700000317e+01,-3.501599348199999895e+01
1.379689689699999988e+01,-4.054657935899999899e+01,-3.724413311699999696e+01,-2.976430831600000104e+01,-3.994786897000000181e+01,-3.611671763999999740e+01
1.381690690699999990e+01,-3.574189651999999739e+01,-2.958227884600000124e+01,-2.846646090300000154e+01,-4.633058523300000076e+01,-4.104183036700000287e+01
1.383691691699999993e+01,-3.436004140400000040e+01,-2.772346305399999977e+01,-3.017470465699999949e+01,-4.620086548700000151e+01,-4.816798649500000096e+01
1.385692692699999995e+01,-4.268542088699999937e+01,-3.596766859099999891e+01,-3.262466899300000023e+01,-4.629999238399999939e+01,-3.882949172800000071e+01
1.387693693699999997e+01,-3.561067259299999677e+01,-3.857737918200000138e+01,-3.112701680800000048e+01,-4.074543833199999909e+01,-3.982491938999999803e+01
1.389694694699999999e+01,-3.521504135100000354e+01,-3.946139080799999732e+01,-2.867760332800000000e+01,-3.990394411199999780e+01,-4.685172255500000205e+01
1.391695695700000002e+01,-2.775539369899999897e+01,-3.959388392399999645e+01,-2.866800944099999882e+01,-4.941948369499999671e+01,-3.926791650300000214e+01
1.393696696700000004e+01,-3.972652553799999708e+01,-4.283151280100000236e+01,-3.433479647699999759e+01,-3.931163832200000030e+01,-4.842280484700000187e+01
1.395697697700000006e+01,-3.434307254400000176e+01,-3.957084314000000091e+01,-3.693912851900000049e+01,-4.376311410299999949e+01,-4.585567076699999944e+01
1.397698698700000008e+01,-3.296619921799999986e+01,-3.532439826000000238e+01,-5.297331729700000125e+01,-4.847645931099999927e+01,-4.906128645999999804e+01
1.399699699700000011e+01,-3.961191423199999662e+01,-3.536131623299999660e+01,-3.806838435699999934e+01,-3.657274963100000065e+01,-5.363835682399999882e+01
1.401700700700000013e+01,-5.507301487600000200e+01,-3.621488516000000146e+01,-3.371165306799999684e+01,-3.990598876399999995e+01,-4.255830240499999917e+01
1.403701701700000015e+01,-3.724602377299999745e+01,-3.008024758799999887e+01,-3.350136031499999945e+01,-3.647665313499999939e+01,-4.963079586700000334e+01
1.405702702700000017e+01,-3.971547998799999846e+01,-3.496634657199999907e+01,-4.018456091000000185e+01,-4.511022807700000214e+01,-4.425837928899999696e+01
1.407703703700000020e+01,-2.707554651199999896e+01,-4.029151210100000213e+01,-3.635751168400000211e+01,-3.835533898599999958e+01,-3.922047354600000091e+01
1.409704704700000022e+01,-3.763188598899999704e+01,-4.771042665200000243e+01,-4.780534694800000040e+01,-4.466434552599999819e+01,-4.575986339399999991e+01
1.411705705700000024e+01,-3.709671969000000047e+01,-2.916214341999999959e+01,-4.096956467599999741e+01,-3.645278917699999965e+01,-4.241131950599999811e+01
1.413706706700000026e+01,-3.143157530099999875e+01,-4.128664564299999995e+01,-4.671762366200000116e+01,-5.061755646000000297e+01,-4.091888336000000237e+01
1.415707707700000029e+01,-2.955059353200000061e+01,-3.854474066800000287e+01,-4.306787551000000036e+01,-4.323070724800000164e+01,-3.815143465900000308e+01
1.417708708700000031e+01,-2.800596565100000035e+01,-4.300617665000000045e+01,-3.783278142900000063e+01,-3.683514407100000199e+01,-4.151441385999999767e+01
1.419709709700000033e+01,-3.032166808199999863e+01,-4.172004562600000099e+01,-4.756908810400000220e+01,-3.456128753699999834e+01,-3.691363421500000186e+01
1.421710710700000035e+01,-4.073960442500000312e+01,-2.780829458299999857e+01,-3.891516833299999689e+01,-4.137030189499999722e+01,-3.970491949099999829e+01
1.423711711700000038e+01,-3.700432784299999867e+01,-3.951838581999999889e+01,-4.184209310800000026e+01,-3.771522996200000222e+01,-5.724308753100000047e+01
1.425712712700000040e+01,-3.453783126399999759e+01,-3.979352221799999967e+01,-5.447747982500000319e+01,-4.516763971999999683e+01,-5.759988098899999898e+01
1.427713713700000042e+01,-4.498562764500000100e+01,-3.579131144299999789e+01,-3.774233318000000281e+01,-4.958363872299999997e+01,-4.804136389800000018e+01
1.429714714700000044e+01,-4.169284408400000075e+01,-7.060909281399999315e+01,-3.121712515800000176e+01,-4.294541943000000117e+01,-3.923671790299999884e+01
1.431715715700000047e+01,-3.731301645300000303e+01,-3.913984764799999994e+01,-3.234684488300000282e+01,-3.257312814899999864e+01,-4.633036823300000151e+01
1.433716716700000049e+01,-3.286407966400000191e+01,-3.743427562499999794e+01,-3.456445385600000009e+01,-4.587430386199999788e+01,-4.202158821500000130e+01
1.435717717700000051e+01,-3.728225548900000064e+01,-3.101208744299999864e+01,-3.396300380200000291e+01,-4.047491228700000221e+01,-5.327310375900000139e+01
1.437718718700000053e+01,-3.072092867399999960e+01,-3.885275387299999750e+01,-3.828017405199999956e+01,-3.906274357099999861e+01,-4.779796166599999907e+01
1.439719719700000056e+01,-3.468271281799999883e+01,-3.548852673799999735e+01,-3.162169377200000042e+01,-4.390766642399999853e+01,-3.790306729000000274e+01
1.441720720700000058e+01,-3.763734212600000006e+01,-5.288486809500000163e+01,-3.187680161899999831e+01,-4.140813123000000218e+01,-4.577171201099999820e+01
1.443721721700000060e+01,-4.633378313600000098e+01,-4.287094213400000342e+01,-3.723889230599999678e+01,-3.469543837599999847e+01,-3.625347047399999667e+01
1.445722722700000062e+01,-4.379364269100000229e+01,-2.825439675399999828e+01,-3.744123585199999837e+01,-4.580625563099999908e+01,-4.423106982899999906e+01
1.447723723700000065e+01,-3.862267665099999903e+01,-3.440972955699999858e+01,-3.753114802000000338e+01,-3.845211933400000248e+01,-6.902067343400000254e+01
1.449724724700000067e+01,-3.808698553299999645e+01,-4.854704809900000129e+01,-3.306111758000000123e+01,-4.346570601799999878e+01,-5.273722623399999776e+01
1.451725725700000069e+01,-4.477662491499999931e+01,-3.099401400500000037e+01,-4.546530614800000336e+01,-3.858317005600000016e+01,-4.818325599700000339e+01
1.453726726700000071e+01,-3.471507495699999879e+01,-4.537487446400000124e+01,-3.444029935700000067e+01,-3.463208734300000202e+01,-5.508883396699999935e+01
1.455727727700000074e+01,-4.079818756099999888e+01,-3.758904890800000231e+01,-4.159728709899999899e+01,-4.047599791199999686e+01,-4.344454234700000228e+01
1.457728728700000076e+01,-4.339358115900000001e+01,-3.479195680000000124e+01,-3.516489932000000351e+01,-3.605466415800000135e+01,-3.093757091599999853e+01
1.459729729700000078e+01,-4.582233392300000219e+01,-4.902781430999999657e+01,-3.359804258999999860e+01,-4.724571383300000349e+01,-3.747619600400000195e+01
1.461730730700000080e+01,-3.641511788500000080e+01,-2.804451423200000093e+01,-4.323982404499999888e+01,-4.270930217600000134e+01,-4.319295120400000343e+01
1.463731731700000083e+01,-4.340130601700000312e+01,-3.320123424399999834e+01,-3.084837635199999895e+01,-4.807265269900000249e+01,-3.582682937300000248e+01
1.465732732700000085e+01,-3.207291721699999698e+01,-3.634369088900000122e+01,-3.411466889599999774e+01,-3.743963279599999794e+01,-3.859563462900000275e+01
1.467733733700000087e+01,-3.313190704800000219e+01,-3.649854899900000049e+01,-3.475590116699999754e+01,-3.293685926399999886e+01,-3.477143299600000148e+01
1.469734734699999912e+01,-3.200523295499999676e+01,-3.197426482699999895e+01,-3.446631767499999910e+01,-3.730401383200000254e+01,-2.783944808700000095e+01
1.471735735699999914e+01,-3.595255718699999647e+01,-2.958578559500000082e+01,-3.451791773899999782e+01,-3.666992472300000117e+01,-3.933106192500000020e+01
1.473736736699999916e+01,-4.309386469399999697e+01,-3.407501479500000130e+01,-4.256960634400000032e+01,-4.333825817200000330e+01,-4.069313420400000325e+01
1.475737737699999919e+01,-3.388456989699999866e+01,-2.885063092200000057e+01,-4.241606655599999698e+01,-3.986755821900000285e+01,-3.712196831600000024e+01
1.477738738699999921e+01,-3.988585569300000344e+01,-3.787578067300000129e+01,-4.542109992000000318e+01,-4.410905444600000180e+01,-3.310415648899999752e+01
1.479739739699999923e+01,-4.283645513100000102e+01,-3.433863239899999797e+01,-3.871117998999999799e+01,-4.201411507400000289e+01,-3.241292087099999719e+01
1.481740740699999925e+01,-2.995355059599999947e+01,-3.815840799200000077e+01,-4.411954975100000098e+01,-4.013522949499999726e+01,-5.379577397599999955e+01
1.483741741699999928e+01,-3.490764206400000091e+01,-3.138665004699999983e+01,-3.498749251899999990e+01,-3.998158665999999783e+01,-4.037981075900000150e+01
1.485742742699999930e+01,-3.018257034499999847e+01,-3.130685367199999902e+01,-3.343379513600000053e+01,-4.396189804200000140e+01,-4.706876875399999705e+01
1.487743743699999932e+01,-4.346929398799999689e+01,-3.621878591499999800e+01,-4.480607022600000278e+01,-3.942041817900000211e+01,-3.817627359099999751e+01
1.489744744699999934e+01,-3.034680502000000146e+01,-3.610951153300000271e+01,-3.705274158000000284e+01,-4.244522727199999679e+01,-3.701767632399999997e+01
1.491745745699999937e+01,-4.122317726800000059e+01,-3.180409052899999978e+01,-3.320511680999999982e+01,-3.854450531300000193e+01,-2.933242542099999994e+01
1.493746746699999939e+01,-3.619305954899999733e+01,-4.108274013900000199e+01,-3.345069384600000006e+01,-3.320356244999999973e+01,-2.960431116899999893e+01
1.495747747699999941e+01,-3.651223324699999750e+01,-4.001141731399999912e+01,-4.445370947100000336e+01,-5.046343533999999664e+01,-2.763436119600000040e+01
1.497748748699999943e+01,-3.110913973099999907e+01,-3.323152260700000227e+01,-3.990105529600000267e+01,-5.843093330199999968e+01,-3.073513518300000058e+01
1.499749749699999946e+01,-4.131185420500000305e+01,-3.135735228000000063e+01,-3.514221539199999711e+01,-5.854106267699999933e+01,-3.002457926199999960e+01
1.501750750799999956e+01,-3.810556593199999753e+01,-3.012676533100000142e+01,-3.778324723699999765e+01,-4.369627051199999812e+01,-2.909249545899999845e+01
1.503751751799999958e+01,-1.513357218199999998e+01,-3.605629400800000184e+01,-4.047285187100000314e+01,-3.346073069199999850e+01,-3.278509464700000109e+01
1.505752752799999961e+01,-3.551631157500000313e+01,-4.181882783300000028e+01,-4.543035859500000129e+01,-3.143172481299999887e+01,-2.965888971600000090e+01
1.507753753799999963e+01,-3.639533435399999917e+01,-3.114791832799999938e+01,-3.476077684199999851e+01,-3.710660572599999796e+01,-3.647691258599999742e+01
1.509754754799999965e+01,-3.135384298800000025e+01,-3.890347998200000035e+01,-3.386102421900000081e+01,-4.795894277000000017e+01,-2.673070413299999970e+01
1.511755755799999967e+01,-3.178708874200000167e+01,-2.586500861100000037e+01,-3.448136574400000143e+01,-4.527490646399999719e+01,-3.493367288999999687e+01
1.513756756799999970e+01,-3.604862501099999861e+01,-4.345425642000000011e+01,-4.339031796700000143e+01,-3.091927327399999825e+01,-2.678133495300000178e+01
1.515757757799999972e+01,-4.493236792599999774e+01,-3.695628664699999888e+01,-4.418708994299999659e+01,-3.215787723999999770e+01,-3.223957148499999903e+01
1.517758758799999974e+01,-4.717693858700000220e+01,-2.497055640099999962e+01,-3.199779780000000073e+01,-2.838213386199999988e+01,-2.741583462999999909e+01
1.519759759799999976e+01,-3.864730004300000132e+01,-2.548360345100000046e+01,-3.979413107500000280e+01,-4.381888857100000223e+01,-2.967508846300000158e+01
1.521760760799999979e+01,-3.762454338300000245e+01,-3.635139453299999701e+01,-3.968173411899999792e+01,-4.268534215500000073e+01,-3.019173697700000147e+01
1.523761761799999981e+01,-4.433312829999999849e+01,-3.830579113400000324e+01,-3.437441833799999813e+01,-3.756042583600000029e+01,-2.997933072200000026e+01
1.525762762799999983e+01,-4.056110831699999864e+01,-3.394467717100000215e+01,-4.133870722099999995e+01,-3.605705900600000291e+01,-2.986734179700000169e+01
1.527763763799999985e+01,-6.180353575499999863e+01,-3.208950930000000312e+01,-3.411504377699999679e+01,-3.713467283800000018e+01,-4.041189201600000303e+01
1.529764764799999988e+01,-3.877506248099999908e+01,-3.544890615700000325e+01,-5.317316689199999757e+01,-4.219275374800000122e+01,-3.737306792700000102e+01
1.531765765799999990e+01,-4.497905002400000285e+01,-3.564938076899999686e+01,-4.040747714999999829e+01,-3.723096820399999984e+01,-2.656918207400000043e+01
1.533766766799999992e+01,-3.667945214200000237e+01,-3.843783749899999691e+01,-4.173622216999999779e+01,-4.384348733699999912e+01,-3.292218142099999767e+01
1.535767767799999994e+01,-4.785339164500000209e+01,-2.536262740200000110e+01,-3.115523271500000035e+01,-3.973154920799999701e+01,-3.528735632000000066e+01
1.537768768799999997e+01,-5.464846177199999744e+01,-2.839398453600000138e+01,-3.494358494499999779e+01,-3.913280946700000129e+01,-3.506734449799999709e+01
1.539769769799999999e+01,-2.477548381200000094e+01,-3.813387886299999963e+01,-3.408779363600000067e+01,-4.023776304900000156e+01,-3.608339805199999972e+01
1.541770770800000001e+01,-4.501118713000000326e+01,-5.977846887500000150e+01,-4.049872087199999982e+01,-3.443731667099999783e+01,-3.328285497200000265e+01
1.543771771800000003e+01,-3.321650853399999903e+01,-2.901892249500000176e+01,-3.976828659000000243e+01,-3.463418271599999798e+01,-3.007354857500000023e+01
1.545772772800000006e+01,-3.369390668999999860e+01,-3.348023665299999863e+01,-3.546852203000000259e+01,-3.696465993700000041e+01,-3.509612968599999760e+01
1.547773773800000008e+01,-5.354102420499999937e+01,-3.542308950999999695e+01,-3.528527706900000283e+01,-4.101356357000000230e+01,-2.849517669200000114e+01
1.549774774800000010e+01,-4.625005907300000274e+01,-3.380666950399999848e+01,-3.669435324599999859e+01,-3.882443951100000135e+01,-3.728126644299999981e+01
1.551775775800000012e+01,-3.737087413599999763e+01,-3.822693617499999874e+01,-3.476498803999999865e+01,-5.520360782299999869e+01,-3.267494354800000167e+01
1.553776776800000015e+01,-3.632690780299999744e+01,-4.090408163000000030e+01,-3.761485450299999655e+01,-4.249653699600000323e+01,-3.102386063000000149e+01
1.555777777800000017e+01,-3.409011451399999970e+01,-4.475532637900000310e+01,-3.509319748800000127e+01,-5.726563102699999774e+01,-3.629630019500000060e+01
1.557778778800000019e+01,-4.054971638600000006e+01,-4.050868979599999875e+01,-3.939681911899999989e+01,-4.789418651100000091e+01,-3.635894031699999829e+01
1.559779779800000021e+01,-3.434336571400000082e+01,-4.136525042400000274e+01,-3.286937515300000001e+01,-3.897117384300000253e+01,-3.927930720999999892e+01
1.561780780800000024e+01,-4.135059684099999799e+01,-3.135429463199999844e+01,-3.454801563299999856e+01,-4.339364469400000246e+01,-4.069616048200000336e+01
1.563781781800000026e+01,-3.175901028899999901e+01,-4.382079108700000347e+01,-3.427130658299999766e+01,-3.441331917099999771e+01,-2.539848316400000172e+01
1.565782782800000028e+01,-3.675270725600000077e+01,-3.864720501499999727e+01,-3.311250970999999765e+01,-3.689925780499999775e+01,-3.911504155299999752e+01
1.567783783800000030e+01,-3.483857779699999924e+01,-3.916805576299999814e+01,-3.895214172400000052e+01,-5.022363659900000243e+01,-3.993902957000000242e+01
1.569784784800000033e+01,-3.459590775299999876e+01,-3.647109607699999856e+01,-4.082194189900000225e+01,-3.987821222400000210e+01,-2.495158807600000017e+01
1.571785785800000035e+01,-3.991710175099999702e+01,-3.197196820499999959e+01,-3.805233005000000190e+01,-3.935021377000000342e+01,-3.353292242199999862e+01
1.573786786800000037e+01,-3.530953430499999968e+01,-2.706820823400000009e+01,-3.634177810700000322e+01,-3.717969305900000165e+01,-4.321563645700000222e+01
1.575787787800000039e+01,-3.582507323299999769e+01,-3.140810194999999894e+01,-4.137154995200000229e+01,-3.466206019999999910e+01,-4.018119850600000120e+01
1.577788788800000042e+01,-3.445825494099999986e+01,-3.273548644000000252e+01,-3.642833028100000092e+01,-4.257653166299999725e+01,-5.371845852100000229e+01
1.579789789800000044e+01,-4.326021296700000107e+01,-2.526247768200000010e+01,-4.079028616099999738e+01,-2.949183996900000082e+01,-3.958232106100000181e+01
1.581790790800000046e+01,-4.188226374300000288e+01,-2.885570363300000096e+01,-3.431519990000000320e+01,-3.166636442600000123e+01,-3.087898899200000002e+01
1.583791791800000048e+01,-4.246597056400000270e+01,-2.469963123100000146e+01,-3.234381793200000033e+01,-3.967815013300000260e+01,-2.873650865899999829e+01
1.585792792800000051e+01,-2.651098117700000145e+01,-3.288320353999999668e+01,-3.832078349300000042e+01,-3.619395759700000070e+01,-2.991963988399999863e+01
1.587793793800000053e+01,-4.246127968100000061e+01,-3.483105418699999944e+01,-3.680748294600000037e+01,-3.630517519800000059e+01,-2.961810227699999842e+01
1.589794794800000055e+01,-5.069637260399999690e+01,-4.774648799399999888e+01,-3.418580494999999786e+01,-3.563128933499999818e+01,-3.081133109800000014e+01
1.591795795800000057e+01,-2.728956300999999840e+01,-2.911001589600000017e+01,-3.131796470000000099e+01,-2.953922726800000120e+01,-3.059875756299999949e+01
1.593796796800000060e+01,-3.285532290599999783e+01,-3.722006221699999884e+01,-3.572051193000000069e+01,-3.449241793299999870e+01,-2.636433313199999873e+01
1.595797797800000062e+01,-3.425904187700000136e+01,-4.293240658199999871e+01,-2.935481768200000019e+01,-3.587743495499999824e+01,-2.887960276100000101e+01
1.597798798800000064e+01,-3.109275661299999882e+01,-3.489181641700000114e+01,-3.310535917100000347e+01,-3.468149652799999672e+01,-3.145365413500000074e+01
1.599799799800000066e+01,-3.646400375000000338e+01,-2.592032652600000020e+01,-3.223517505699999930e+01,-3.681542496000000142e+01,-2.831012433200000089e+01
1.601800800799999891e+01,-2.725547467100000176e+01,-3.545635311499999887e+01,-3.285954601099999906e+01,-2.934815010100000165e+01,-2.959642855799999950e+01
1.603801801799999893e+01,-3.304827431100000013e+01,-1.657852573499999949e+01,-2.868181314799999981e+01,-2.197909930799999856e+01,-3.107296977600000076e+01
1.605802802799999895e+01,-4.350235013300000020e+01,-3.471854651200000319e+01,-2.758341136599999999e+01,-3.282017019399999924e+01,-3.038313523100000069e+01
1.607803803799999898e+01,-2.821687702699999889e+01,-3.175256741600000154e+01,-2.680082313799999838e+01,-4.290050368299999661e+01,-2.823750272199999856e+01
1.609804804799999900e+01,-3.660984701800000352e+01,-2.459928585500000153e+01,-3.630345915800000256e+01,-2.871054155799999918e+01,-2.597369881999999919e+01
1.611805805799999902e+01,-3.910292593300000163e+01,-2.742214265799999851e+01,-2.762896290600000171e+01,-3.514947694100000319e+01,-3.086323141100000100e+01
1.613806806799999904e+01,-2.591031183400000160e+01,-2.559238426799999999e+01,-2.795722880299999957e+01,-3.448152649099999678e+01,-3.422881258700000018e+01
1.615807807799999907e+01,-3.069062761500000036e+01,-3.634846268500000122e+01,-2.768932605799999891e+01,-3.309164935500000126e+01,-3.177144858100000135e+01
1.617808808799999909e+01,-2.754403077899999985e+01,-5.008816017400000220e+01,-2.851818670000000111e+01,-3.649032607800000250e+01,-2.846947455899999824e+01
1.619809809799999911e+01,-2.648167968799999983e+01,-3.658034631999999675e+01,-2.826457202599999974e+01,-3.470234198099999645e+01,-3.550308797699999985e+01
1.621810810799999913e+01,-2.096211485699999955e+01,-3.091481847600000066e+01,-2.996421277399999994e+01,-3.087735551700000158e+01,-3.548865257899999648e+01
1.623811811799999916e+01,-3.375400994499999996e+01,-4.106333873500000209e+01,-2.838075589700000023e+01,-3.362413653400000157e+01,-3.033508733700000093e+01
1.625812812799999918e+01,-3.732437771400000059e+01,-2.732837063599999894e+01,-2.836615332099999875e+01,-2.932812599400000053e+01,-2.635992784300000125e+01
1.627813813799999920e+01,-3.931703413299999994e+01,-4.746041754600000218e+01,-3.002430464900000118e+01,-3.559847158000000178e+01,-3.219566163900000078e+01
1.629814814799999922e+01,-3.624186289800000083e+01,-3.620548436199999998e+01,-2.764652736800000099e+01,-3.629221326599999742e+01,-2.836023766399999957e+01
1.631815815799999925e+01,-2.826717182799999861e+01,-3.864944096699999676e+01,-3.537596763599999861e+01,-4.687692059100000108e+01,-2.597223329099999845e+01
1.633816816799999927e+01,-3.346318004300000126e+01,-4.269401830799999686e+01,-3.140351316399999959e+01,-6.063953331199999752e+01,-3.447740562999999980e+01
1.635817817799999929e+01,-3.480250102299999782e+01,-2.658551892099999847e+01,-3.106180007000000032e+01,-4.117147143199999704e+01,-3.481695795200000276e+01
1.637818818799999931e+01,-2.854588668199999901e+01,-2.638162842299999866e+01,-3.137033781899999951e+01,-3.908072350799999839e+01,-3.165925357600000112e+01
1.639819819799999934e+01,-3.186515821400000092e+01,-3.607290833799999774e+01,-3.212804602799999998e+01,-3.695106606699999929e+01,-3.338314045799999974e+01
1.641820820799999936e+01,-3.041572001600000164e+01,-1.667694308300000117e+01,-3.418032540800000163e+01,-2.390493267900000163e+01,-2.742591252900000143e+01
1.643821821799999938e+01,-2.463886638399999995e+01,-2.833158131200000085e+01,-2.751862663500000039e+01,-3.536150742899999955e+01,-3.103402197200000145e+01
1.645822822799999940e+01,-2.645588126899999892e+01,-3.351433982599999695e+01,-3.095806474400000141e+01,-3.500652160500000321e+01,-3.331417050799999657e+01
1.647823823799999943e+01,-3.118394011199999838e+01,-3.478154026699999690e+01,-2.981441251000000037e+01,-3.139928927000000058e+01,-4.630213322400000209e+01
1.649824824799999945e+01,-3.063122583099999829e+01,-2.986670868399999890e+01,-3.116929714500000159e+01,-4.894774304999999970e+01,-3.004779796600000097e+01
1.651825825799999947e+01,-3.300762547899999788e+01,-3.201682594100000046e+01,-3.200956225099999841e+01,-3.629619931500000263e+01,-3.072715647200000078e+01
1.653826826799999949e+01,-2.861307060400000069e+01,-3.435559227800000315e+01,-3.528745560499999812e+01,-4.081980269400000338e+01,-3.346681228500000316e+01
1.655827827799999952e+01,-3.641510747800000303e+01,-2.713835880199999906e+01,-4.523018821800000211e+01,-3.238244628500000033e+01,-3.446883639200000005e+01
1.657828828799999954e+01,-3.268754869200000002e+01,-3.252097186200000323e+01,-3.410656297199999898e+01,-4.093087623000000264e+01,-3.286284561200000098e+01
1.659829829799999956e+01,-1.510743638699999991e+01,-4.494060946399999779e+01,-3.485019936700000187e+01,-3.121070161000000098e+01,-3.188896876200000108e+01
1.661830830799999958e+01,-4.232356861899999956e+01,-3.013241038199999977e+01,-4.090207327299999918e+01,-3.590456680599999828e+01,-3.228487299500000063e+01
1.663831831799999961e+01,-3.193157725900000088e+01,-2.514691298300000000e+01,-3.616213561800000065e+01,-3.824941217500000334e+01,-4.107719595199999674e+01
1.665832832799999963e+01,-2.820784331699999825e+01,-2.580336104799999930e+01,-3.874648534300000335e+01,-4.135962755399999935e+01,-3.524094055399999803e+01
1.667833833799999965e+01,-2.941404213399999890e+01,-5.178756155800000016e+01,-3.023253707800000001e+01,-3.848972986500000104e+01,-3.810508685500000325e+01
1.669834834799999967e+01,-2.435693437400000150e+01,-3.892148842900000005e+01,-3.094391996999999961e+01,-4.288981054799999981e+01,-3.692200230499999947e+01
1.671835835799999970e+01,-2.663008912000000095e+01,-3.761559834199999841e+01,-3.904591271200000335e+01,-3.461849468700000187e+01,-3.360259622400000268e+01
1.673836836799999972e+01,-3.293174228299999839e+01,-4.379964334200000309e+01,-3.383318041999999792e+01,-3.251145643899999982e+01,-3.242920820900000223e+01
1.675837837799999974e+01,-1.902422137699999993e+01,-4.283739857100000137e+01,-3.563133927500000198e+01,-3.660938015199999995e+01,-3.312522334999999885e+01
1.677838838799999976e+01,-3.212290606999999909e+01,-4.080553185800000193e+01,-3.029795036300000177e+01,-4.772358581000000299e+01,-2.772100256399999907e+01
1.679839839799999979e+01,-3.454441897800000305e+01,-2.764063205500000109e+01,-2.801295440899999889e+01,-3.466258402799999772e+01,-3.311305274800000120e+01
1.681840840799999981e+01,-2.819614479999999901e+01,-2.793893321999999912e+01,-3.154255085999999864e+01,-3.828415725299999650e+01,-3.189982869900000040e+01
1.683841841799999983e+01,-2.547113033700000173e+01,-3.582011562600000332e+01,-3.216331897700000297e+01,-3.444904534900000215e+01,-2.901454760900000096e+01
1.685842842799999985e+01,-2.729516715500000146e+01,-4.253353841399999880e+01,-3.243937368699999979e+01,-3.437642622399999937e+01,-2.712349136699999974e+01
1.687843843799999988e+01,-2.704971755600000094e+01,-3.277013737299999718e+01,-3.415289083199999709e+01,-3.184368427100000076e+01,-2.597175624200000144e+01
1.689844844799999990e+01,-3.494121470799999685e+01,-3.549453463500000083e+01,-4.705477018100000208e+01,-3.065552911099999989e+01,-2.792608399099999872e+01
1.691845845799999992e+01,-3.207080694500000106e+01,-5.787790327900000165e+01,-4.056826762699999733e+01,-3.473297152500000351e+01,-3.208646659099999709e+01
1.693846846799999994e+01,-2.331681166599999955e+01,-4.985181488199999933e+01,-3.886560345699999885e+01,-3.693592158599999919e+01,-2.693339613899999918e+01
1.695847847799999997e+01,-3.265103332300000005e+01,-3.101147817000000018e+01,-3.639789713799999760e+01,-3.601649607200000247e+01,-1.802248454100000075e+01
1.697848848799999999e+01,-2.676501223100000004e+01,-3.480891148599999951e+01,-3.232720981399999971e+01,-2.952956169799999842e+01,-2.848846574899999951e+01
1.699849849800000001e+01,-3.295070105399999960e+01,-3.337776642800000104e+01,-2.272110455299999998e+01,-2.916993022000000124e+01,-2.767829165699999905e+01
1.701850850900000012e+01,-2.946003283499999981e+01,-5.138071928499999785e+01,-3.606457647599999916e+01,-3.113422012699999897e+01,-2.652483022499999876e+01
1.703851851900000014e+01,-2.950856596899999928e+01,-2.752282648199999926e+01,-3.089766172699999913e+01,-3.223261901099999704e+01,-2.576427924700000105e+01
1.705852852900000016e+01,-5.847995424199999803e+01,-4.814497113099999837e+01,-4.022383441200000220e+01,-2.934322157800000141e+01,-1.818729943199999965e+01
1.707853853900000018e+01,-4.050219285499999700e+01,-2.351275684699999857e+01,-3.652724855000000304e+01,-3.902545092199999743e+01,-2.830533033100000040e+01
1.709854854900000021e+01,-4.302669371500000040e+01,-3.033293981299999942e+01,-3.142844485799999887e+01,-2.454553353100000024e+01,-3.142652920500000135e+01
1.711855855900000023e+01,-3.748428273599999727e+01,-3.719946253700000227e+01,-3.196816257800000116e+01,-2.736178520500000033e+01,-2.723184208200000000e+01
1.713856856900000025e+01,-5.384249399200000141e+01,-4.108624997100000087e+01,-3.620698652099999748e+01,-3.872699408700000134e+01,-2.715099192799999983e+01
1.715857857900000027e+01,-4.415987844600000045e+01,-3.388419565499999919e+01,-3.028560966599999915e+01,-2.358662551100000115e+01,-3.105124849299999923e+01
1.717858858900000030e+01,-3.434069851400000317e+01,-3.783130554099999898e+01,-3.049143165899999985e+01,-3.497787712499999913e+01,-2.107797078600000162e+01
1.719859859900000032e+01,-5.756201403400000061e+01,-3.239965627400000159e+01,-3.252615467599999732e+01,-2.859407587500000147e+01,-2.768937022300000095e+01
1.721860860900000034e+01,-3.306297888200000301e+01,-3.021102788299999986e+01,-3.167879645100000019e+01,-2.736628983199999965e+01,-3.692078351600000019e+01
1.723861861900000036e+01,-2.671262740399999913e+01,-4.177069045999999730e+01,-3.800931040599999733e+01,-2.965071717800000073e+01,-3.490050541099999748e+01
1.725862862900000039e+01,-3.794312906100000049e+01,-3.586444562300000172e+01,-3.534845752900000093e+01,-3.262519852100000151e+01,-3.520825900599999869e+01
1.727863863900000041e+01,-3.123640515299999976e+01,-2.849926203900000132e+01,-3.894066115700000097e+01,-4.451447173199999696e+01,-3.228389080800000244e+01
1.729864864900000043e+01,-3.224307013199999972e+01,-3.011134869500000022e+01,-4.392998612400000269e+01,-3.668575798599999871e+01,-3.191085178399999833e+01
1.731865865900000045e+01,-3.139111540500000075e+01,-4.326349237200000175e+01,-2.992715894299999846e+01,-3.099012047000000081e+01,-1.809346602700000162e+01
1.733866866900000048e+01,-3.806596897099999666e+01,-2.866817161999999897e+01,-2.815269987199999946e+01,-2.552892915299999999e+01,-3.358444198000000114e+01
1.735867867900000050e+01,-3.950496952599999645e+01,-3.320508885999999649e+01,-3.112379825700000069e+01,-3.552218833900000305e+01,-5.191672032099999967e+01
1.737868868900000052e+01,-3.304360042700000122e+01,-3.170948179899999886e+01,-3.767323579600000016e+01,-3.458097889399999758e+01,-4.834607516100000169e+01
1.739869869900000054e+01,-4.253071754300000151e+01,-3.365806842599999982e+01,-3.309073324500000268e+01,-3.354609724600000220e+01,-4.341090686399999754e+01
1.741870870900000057e+01,-3.775646868399999789e+01,-2.865002907499999907e+01,-3.747523313100000308e+01,-2.638110293900000158e+01,-4.236748198000000087e+01
1.743871871900000059e+01,-3.305662742500000206e+01,-2.577287464200000144e+01,-3.906087884699999790e+01,-2.817477574500000159e+01,-4.191321008700000306e+01
1.745872872900000061e+01,-3.890483806600000349e+01,-3.966818198400000028e+01,-3.337113885600000174e+01,-3.802951277799999730e+01,-3.618866084700000130e+01
1.747873873900000063e+01,-4.836302651900000171e+01,-3.063494541400000060e+01,-3.010685360600000138e+01,-2.816055734000000044e+01,-2.951184995899999919e+01
1.749874874900000066e+01,-3.372863743700000327e+01,-2.460414908199999928e+01,-2.024944178599999844e+01,-3.371635701900000015e+01,-2.515414591900000119e+01
1.751875875900000068e+01,-3.801628146800000252e+01,-2.642866171400000042e+01,-3.450921356900000347e+01,-3.055966718799999882e+01,-3.740444016499999691e+01
1.753876876900000070e+01,-3.372478106100000161e+01,-4.270148499100000095e+01,-4.049769175000000132e+01,-3.404357371999999771e+01,-2.218162922999999864e+01
1.755877877900000072e+01,-3.386677398100000147e+01,-3.521349503399999747e+01,-2.883919954599999969e+01,-3.036066377999999943e+01,-3.317765380000000164e+01
1.757878878900000075e+01,-5.034208217500000160e+01,-2.912732671199999857e+01,-2.570808513900000136e+01,-2.421817169199999853e+01,-4.283110794099999907e+01
1.759879879900000077e+01,-3.962913586100000174e+01,-3.103127712499999902e+01,-3.087490717400000051e+01,-2.320218819700000168e+01,-3.207290381600000018e+01
1.761880880900000079e+01,-2.449029649599999914e+01,-3.418981748400000242e+01,-3.286438736099999858e+01,-2.978620773400000132e+01,-2.837077973799999953e+01
1.763881881900000081e+01,-4.080998564499999759e+01,-2.964948209699999992e+01,-2.983304005600000153e+01,-3.176309101200000029e+01,-4.157921234500000196e+01
1.765882882900000084e+01,-3.608483111500000007e+01,-2.731125797300000002e+01,-3.247874980699999981e+01,-2.746420586600000036e+01,-3.775020195300000125e+01
1.767883883900000086e+01,-2.612966525299999887e+01,-2.911199427300000053e+01,-2.240512063599999948e+01,-2.754292565900000156e+01,-4.051636446799999902e+01
1.769884884900000088e+01,-5.247098042999999734e+01,-3.500267589100000265e+01,-2.149524637800000093e+01,-2.572596935900000048e+01,-3.592069395499999729e+01
1.771885885900000090e+01,-4.689997030800000033e+01,-3.031345105300000142e+01,-2.883127812500000076e+01,-2.464237259700000138e+01,-3.213389929099999875e+01
1.773886886900000093e+01,-2.794078255399999833e+01,-3.080473193999999992e+01,-4.539475449500000082e+01,-3.321954361499999919e+01,-3.716303237300000006e+01
1.775887887900000095e+01,-4.315312211100000184e+01,-2.869026415600000135e+01,-4.291190846599999986e+01,-2.424834759899999881e+01,-4.435753801199999913e+01
1.777888888900000097e+01,-3.966057122499999821e+01,-3.509119745699999982e+01,-2.676836104899999924e+01,-2.886496576200000064e+01,-3.636801542700000311e+01
1.779889889900000099e+01,-2.912107174400000176e+01,-4.130317460500000237e+01,-3.353780680799999914e+01,-2.793453053300000022e+01,-2.752509179899999836e+01
1.781890890900000102e+01,-4.400742963399999752e+01,-3.604543660699999919e+01,-3.587731538799999953e+01,-2.974706854000000078e+01,-3.980786516900000294e+01
1.783891891900000104e+01,-3.383484682999999649e+01,-3.500722872899999771e+01,-2.649005588500000030e+01,-3.534464935100000105e+01,-4.239558599400000105e+01
1.785892892900000106e+01,-2.774291174700000084e+01,-1.795215827099999828e+01,-3.673001146000000006e+01,-3.294984091100000256e+01,-3.296765957000000213e+01
1.787893893900000108e+01,-4.643449107699999701e+01,-3.289557365600000338e+01,-2.551059886999999904e+01,-3.039081387599999928e+01,-3.467524542099999962e+01
1.789894894900000111e+01,-2.580889237899999955e+01,-3.263264531400000124e+01,-2.854661517599999954e+01,-2.945334727099999839e+01,-3.679937402899999910e+01
1.791895895900000113e+01,-5.053289135299999657e+01,-3.084998857700000130e+01,-2.198902135599999852e+01,-1.917621620599999943e+01,-3.698421187000000288e+01
1.793896896900000115e+01,-4.241799776100000230e+01,-2.447296891899999949e+01,-1.006399116799999938e+01,-3.116218444599999859e+00,-3.964384722599999833e+01
1.795897897900000117e+01,-3.685879311099999711e+01,-2.897186303399999829e+01,-2.830081760799999913e+01,-4.152127191699999997e+01,-2.744030374300000119e+01
1.797898898900000120e+01,-3.962683916000000295e+01,-2.120750338399999890e+01,-2.797059089900000117e+01,-2.739017582600000011e+01,-3.250981852200000333e+01
1.799899899900000122e+01,-3.573495942800000336e+01,-4.143008755000000320e+01,-2.848298192300000053e+01,-3.095525076499999884e+01,-2.228273262100000096e+01
1.801900900900000124e+01,-4.681387716700000112e+01,-3.701189414400000288e+01,-3.181223615800000104e+01,-2.654047987999999947e+01,-3.476603921899999960e+01
1.803901901900000126e+01,-4.014492800099999670e+01,-3.580857299699999885e+01,-3.535940102499999682e+01,-2.621527787000000131e+01,-2.865898148799999845e+01
1.805902902900000129e+01,-3.954843868700000087e+01,-4.155134139900000179e+01,-3.785641302700000210e+01,-2.377076682599999913e+01,-3.387509535800000293e+01
1.807903903900000131e+01,-5.122537701899999973e+01,-4.050012484500000198e+01,-2.961106533499999927e+01,-2.249178862400000156e+01,-3.110503929900000131e+01
1.809904904900000133e+01,-4.278481958199999724e+01,-3.004136741700000002e+01,-2.859303323800000030e+01,-2.202019024699999861e+01,-3.018545663800000156e+01
1.811905905900000135e+01,-2.712057006399999892e+01,-2.796872803500000160e+01,-3.015398920699999863e+01,-2.622285116200000132e+01,-2.273314833799999946e+01
1.813906906900000138e+01,-4.249510850000000062e+01,-3.346826021300000065e+01,-3.726988127599999956e+01,-2.371851842799999943e+01,-2.128176479200000060e+01
1.815907907900000140e+01,-2.991884492399999829e+01,-3.384518943900000210e+01,-3.277992473300000142e+01,-2.380931417600000088e+01,-3.086916477799999825e+01
1.817908908900000142e+01,-4.171805673800000136e+01,-4.774750302500000032e+01,-3.303671100399999716e+01,-2.690630532400000163e+01,-2.747968274200000138e+01
1.819909909900000144e+01,-3.667461034600000147e+01,-4.745681627999999819e+01,-2.646535623000000115e+01,-2.801599962299999902e+01,-2.172070577499999899e+01
1.821910910900000147e+01,-5.413568970800000102e+01,-4.486321563599999962e+01,-2.676459279499999866e+01,-2.511893147099999979e+01,-3.193881360800000024e+01
1.823911911900000149e+01,-4.902734293299999990e+01,-3.202620689100000106e+01,-2.667431467799999822e+01,-3.283807612599999715e+01,-2.945081706799999921e+01
1.825912912900000151e+01,-4.385071604600000228e+01,-4.518463816799999933e+01,-2.501408050099999869e+01,-2.854677712200000173e+01,-1.048625194000000072e+01
1.827913913900000153e+01,-4.199637843000000004e+01,-3.696284777500000018e+01,-2.517763603099999870e+01,-3.273710045600000029e+01,-4.244002769299999756e+01
1.829914914900000156e+01,-3.669765129700000017e+01,-3.642319753999999676e+01,-3.056707623599999835e+01,-2.564709022499999946e+01,-3.875616192199999688e+01
1.831915915900000158e+01,-1.437144799600000056e+01,-5.195427255500000285e+01,-2.496867120599999978e+01,-3.152001589199999998e+01,-2.626550250800000086e+01
1.833916916900000160e+01,-3.398352983600000243e+01,-3.632147186099999914e+01,-2.682978184999999982e+01,-2.038798446299999867e+01,-2.439084179299999988e+01
1.835917917900000162e+01,-3.084236896199999833e+01,-4.046246265300000289e+01,-4.607860336299999915e+01,-2.790835699200000164e+01,-2.222916200399999909e+01
1.837918918900000165e+01,-3.228254636999999860e+01,-3.676304304599999995e+01,-3.164987670900000083e+01,-4.181102114000000114e+01,-3.156047482099999968e+01
1.839919919900000167e+01,-4.230368958100000043e+01,-4.178261111100000136e+01,-2.515123908200000002e+01,-2.843842020599999998e+01,-2.549317533299999994e+01
1.841920920900000169e+01,-2.919361540499999919e+01,-3.262807703600000053e+01,-2.677284003000000112e+01,-2.009204109899999935e+01,-2.009053248400000058e+01
1.843921921900000171e+01,-2.658138346200000157e+01,-4.257838198099999971e+01,-2.954483328699999944e+01,-3.954119263399999795e+01,-4.456207946100000328e+01
1.845922922900000174e+01,-3.109290237800000156e+01,-3.428862044499999939e+01,-2.559699901200000127e+01,-4.394383093500000115e+01,-3.221393879899999746e+01
1.847923923900000176e+01,-4.157131862300000336e+01,-4.494445019799999841e+01,-2.986359575599999872e+01,-2.647575457399999976e+01,-2.469669256599999940e+01
1.849924924899999823e+01,-3.878342073000000312e+01,-3.945158744399999762e+01,-2.813799477099999891e+01,-2.884283533600000027e+01,-3.190306976999999833e+01
1.851925925899999825e+01,-3.352066095899999709e+01,-3.326156221899999821e+01,-3.514591459700000087e+01,-4.275892644799999687e+01,-2.921393093900000082e+01
1.853926926899999827e+01,-2.865336754300000166e+01,-5.054619483799999813e+01,-3.062685489500000102e+01,-2.701160663599999978e+01,-2.180178955199999891e+01
1.855927927899999830e+01,-4.767203711700000213e+01,-5.051217493299999717e+01,-2.680720504099999957e+01,-3.358806301799999972e+01,-3.107697281600000139e+01
1.857928928899999832e+01,-2.257261934199999942e+01,-2.999438998100000120e+01,-3.145300146599999991e+01,-3.554863587999999908e+01,-3.308828860799999916e+01
1.859929929899999834e+01,-4.407739675500000232e+01,-3.201043839399999769e+01,-3.276697586400000262e+01,-2.731311737500000092e+01,-2.824982562599999980e+01
1.861930930899999836e+01,-2.975518820699999978e+01,-3.469487451599999872e+01,-2.479433654800000042e+01,-4.725885796699999730e+01,-3.404430357500000071e+01
1.863931931899999839e+01,-2.983210151200000126e+01,-3.319420522099999715e+01,-3.776924318799999725e+01,-3.152239768000000097e+01,-3.148696643899999970e+01
1.865932932899999841e+01,-3.592198947699999678e+01,-2.938332986600000041e+01,-3.045219295800000125e+01,-4.447429110200000224e+01,-3.258898957299999921e+01
1.867933933899999843e+01,-4.414419704000000166e+01,-5.023894314500000036e+01,-2.683602819600000089e+01,-1.758585056800000146e+01,-1.352588142399999960e+01
1.869934934899999845e+01,-4.829630486899999653e+01,-4.517883970999999832e+01,-3.619145585100000062e+01,-2.912856298799999877e+01,-3.101573687699999837e+01
1.871935935899999848e+01,-3.724652795699999785e+01,-4.372831749000000201e+01,-2.521450285999999963e+01,-2.800593832299999875e+01,-3.791281656799999666e+01
1.873936936899999850e+01,-3.098519732500000146e+01,-4.177095424600000229e+01,-2.242262024800000120e+01,-4.235008376799999752e+01,-2.728568123200000173e+01
1.875937937899999852e+01,-4.412989879700000273e+01,-2.973802824999999928e+01,-2.001224779400000031e+01,-4.095397029699999791e+01,-3.320403332000000063e+01
1.877938938899999854e+01,-4.239373758299999650e+01,-4.712789595600000325e+01,-2.547965753200000094e+01,-2.883776506699999942e+01,-1.834642398300000110e+01
1.879939939899999857e+01,-3.175180472499999951e+01,-2.725609771899999956e+01,-2.277162149400000146e+01,-3.458164088600000241e+01,-2.558911491499999968e+01
1.881940940899999859e+01,-4.429496367299999804e+01,-4.559839444800000052e+01,-3.163360979799999839e+01,-3.802763050499999764e+01,-3.648031978899999928e+01
1.883941941899999861e+01,-4.142220697999999857e+01,-5.069412037699999729e+01,-2.577290939199999897e+01,-2.532444334999999924e+01,-2.721677843999999880e+01
1.885942942899999863e+01,-2.727592683600000001e+01,-3.431424308399999745e+01,1.942842432699999833e+01,8.665160379699999638e+00,1.259348377399999919e+01
1.887943943899999866e+01,-3.843047835299999804e+01,-2.159285011700000112e+01,-2.780868858899999907e+01,-2.072605895499999917e+01,-1.848714926799999958e+01
1.889944944899999868e+01,-4.556873155099999906e+01,-5.058364206000000252e+01,-3.410761710300000260e+01,-3.751954374700000017e+01,-3.520447080400000317e+01
1.891945945899999870e+01,-3.138426505900000052e+01,-4.248241915100000199e+01,-4.416084550499999750e+01,-3.479215828600000293e+01,-2.654037152200000094e+01
1.893946946899999872e+01,-3.874070480599999655e+01,-5.074146481799999719e+01,-2.847653572300000135e+01,-3.275012395000000254e+01,-2.440883413999999973e+01
1.895947947899999875e+01,-4.209909584300000063e+01,-4.642391341900000157e+01,-2.905730409099999889e+01,-3.629083734200000322e+01,-3.869391758399999759e+01
1.897948948899999877e+01,-1.540443453600000012e+01,-3.342536012200000073e+01,-2.078682874800000135e+01,-5.676986397900000014e+01,-2.195122746299999861e+01
1.899949949899999879e+01,-3.300310078199999708e+01,-6.270056262699999650e+01,-2.609738800199999886e+01,-3.065482649000000137e+01,-3.621066938900000309e+01
1.901950950999999890e+01,-4.954302805999999748e+01,-4.255319680400000237e+01,-4.379767549799999671e+01,-3.658921582499999658e+01,-4.009027613399999979e+01
1.903951951999999892e+01,-2.673291166399999952e+01,-2.468809760999999980e+01,-5.494963300000000217e+00,-1.466171231799999930e+01,-2.048369267700000051e+01
1.905952952999999894e+01,-3.320600337900000198e+01,-4.457568413799999973e+01,-2.448366969900000001e+01,-2.532571272299999876e+01,-3.259698552300000074e+01
1.907953953999999896e+01,-3.043110452000000166e+01,-5.077178412600000001e+01,-3.126116186699999844e+01,-2.898045699200000058e+01,-3.047336497699999924e+01
1.909954954999999899e+01,-2.754935557399999979e+01,-3.900098116299999873e+01,-2.019954462100000114e+01,-2.004795863900000086e+01,-1.533251353900000069e+01
1.911955955999999901e+01,-3.498065990700000327e+01,-4.911362006699999938e+01,-3.062659139599999847e+01,-5.334640311500000109e+01,-5.484792681900000133e+01
1.913956956999999903e+01,-2.906445058299999928e+01,-2.816317982400000020e+01,-3.350142857899999882e+01,-2.333009577700000037e+01,-1.747478538700000072e+01
1.915957957999999905e+01,-2.949398240500000057e+01,-4.494063279699999924e+01,-2.365024202500000072e+01,-3.030878190099999969e+01,-3.416933895500000062e+01
1.917958958999999908e+01,-3.201363081899999941e+01,-3.701868370399999719e+01,-3.535918570399999794e+01,-3.373077961700000316e+01,-3.594321012500000023e+01
1.919959959999999910e+01,-3.248005536600000198e+01,-3.381460045699999739e+01,-2.297122814700000148e+01,-2.020282475500000174e+01,-2.967084437000000108e+01
1.921960960999999912e+01,-2.937761919900000152e+01,-4.536456596800000085e+01,-2.436983941000000087e+01,-2.641447361899999891e+01,-2.780373643200000089e+01
1.923961961999999914e+01,-3.268242761900000204e+01,-5.307410239299999688e+01,-4.459793227699999818e+01,-4.729016384900000247e+01,-3.280972264300000063e+01
1.925962962999999917e+01,-2.235628370299999901e+01,-2.997173154100000048e+01,-2.532194647100000040e+01,-2.848010277399999879e+01,-3.432587184999999863e+01
1.927963963999999919e+01,-6.433854947199999685e+01,-5.314382822799999673e+01,-3.268503525399999887e+01,-3.098218211800000077e+01,-4.076167578599999786e+01
1.929964964999999921e+01,-4.132970974599999892e+01,-4.177297682900000098e+01,-3.003898349199999984e+01,-3.615657049800000067e+01,-5.033007633100000078e+01
1.931965965999999923e+01,-2.039354944800000169e+01,-2.872528140000000008e+01,-3.021876057800000126e+01,-2.886769765700000079e+01,-3.605007824500000169e+01
1.933966966999999926e+01,-4.267741670099999851e+01,-4.590300577299999674e+01,-2.051190108000000123e+01,-3.626098822200000171e+01,-3.508097403499999700e+01
1.935967967999999928e+01,-3.635031053000000156e+01,-4.168238882800000056e+01,-2.321203776300000143e+01,-3.016876635799999917e+01,-2.951002916299999868e+01
1.937968968999999930e+01,-3.542175381599999895e+01,-3.143231806000000006e+01,-2.440331367799999995e+01,-3.736737070499999902e+01,-3.320263014900000087e+01
1.939969969999999932e+01,-4.423360378600000331e+01,-6.874855356000000484e+01,-3.202003181599999948e+01,-3.597120214200000277e+01,-4.433585361600000141e+01
1.941970970999999935e+01,-3.818330966700000317e+01,-3.493364180700000077e+01,-1.607133691900000017e+01,-3.480170290600000271e+01,-3.042425777500000095e+01
1.943971971999999937e+01,-2.731014950799999852e+01,-2.857077299599999876e+01,-3.680996373899999696e+01,-2.202426949499999864e+01,-2.900103637000000134e+01
1.945972972999999939e+01,-4.007222219300000177e+01,-4.394642608000000195e+01,-3.729361099300000149e+01,-2.858782249400000097e+01,-3.758887484099999909e+01
1.947973973999999941e+01,-4.311156704300000087e+01,-4.579127882600000277e+01,-2.703179159999999825e+01,-2.721961111499999930e+01,-2.936472635499999839e+01
1.949974974999999944e+01,-2.836880560899999892e+01,-4.563400964600000265e+01,-2.104890544899999938e+01,-2.905613416799999982e+01,-3.260290261699999803e+01
1.951975975999999946e+01,-5.664047644699999751e+01,-5.044733463800000095e+01,-2.782513173099999904e+01,-4.164462343999999661e+01,-3.565192617900000016e+01
1.953976976999999948e+01,-3.196935253399999866e+01,-3.027865488799999838e+01,1.520307034300000026e+01,2.920191672100000080e+00,1.002877954599999955e+00
1.955977977999999950e+01,-3.540612856100000272e+01,-3.644558569600000197e+01,-3.874066589699999952e+01,-3.594247777700000057e+01,-4.410574099299999773e+01
1.957978978999999953e+01,-5.110329085699999752e+01,-4.703264843899999903e+01,-2.924213954100000024e+01,-3.233357291099999742e+01,-4.203842284600000312e+01
1.959979979999999955e+01,-2.810508969300000004e+01,-3.967525302699999656e+01,-2.935172284900000150e+01,-4.643767194899999851e+01,-3.140774769700000135e+01
1.961980980999999957e+01,-4.292860731599999724e+01,-3.023303555700000089e+01,-2.261256685200000049e+01,-3.812839458300000217e+01,-3.393255076500000200e+01
1.963981981999999959e+01,-3.944365351199999736e+01,-3.896059641200000101e+01,-3.995749877299999753e+01,-3.075546376899999856e+01,-4.903566291799999988e+01
1.965982982999999962e+01,-4.745377501200000125e+01,-2.007852944600000100e+01,-3.433948602400000105e+00,-9.057732477100000068e+00,-4.991665372499999975e+00
1.967983983999999964e+01,-3.522610478200000017e+01,-6.245338390100000225e+01,-1.645051721600000150e+01,-2.741151020799999927e+01,-3.491078913999999855e+01
1.969984984999999966e+01,-4.075493669200000113e+01,-6.555366478199999847e+01,-3.838790670200000221e+01,-3.262395132500000017e+01,-4.566580334999999735e+01
1.971985985999999968e+01,-2.037325432800000158e+01,-4.034098410899999720e+01,-3.296111034900000192e+01,-2.884503606799999886e+01,-3.126283985699999945e+01
1.973986986999999971e+01,-6.130104120400000056e+01,-5.094762786100000085e+01,-4.912028028799999646e+01,-3.847960240700000156e+01,-4.332804389700000058e+01
1.975987987999999973e+01,-4.674882492399999734e+01,-3.825281390100000323e+01,-2.714674599399999977e+01,-3.646481947499999876e+01,-3.171232779600000029e+01
1.977988988999999975e+01,-3.329673538299999791e+01,-4.795510983500000179e+01,-2.616758069100000128e+01,-4.327822608500000001e+01,-2.401368771799999990e+01
1.979989989999999977e+01,-4.156607240000000303e+01,-5.150212562600000155e+01,-2.013589572900000135e+01,-3.265580908100000102e+01,-3.078797843699999959e+01
1.981990990999999980e+01,-2.538030068000000128e+01,-2.801394336199999913e+01,-2.082226307799999887e+01,-2.280229477500000002e+01,-3.388192057599999885e+01
1.983991991999999982e+01,-3.363497642000000099e+01,-3.183939885699999905e+01,-3.805090271499999943e+01,-3.124530844899999948e+01,-2.684332584399999888e+01
1.985992992999999984e+01,-5.592953403100000287e+01,-6.285440399499999842e+01,-2.497498912000000004e+01,-2.487250476499999863e+01,-2.730518895799999868e+01
1.987993993999999986e+01,-2.732256151600000038e+01,-3.600027925799999906e+01,-2.741331381199999839e+01,-3.263958704299999880e+01,-2.854428151300000138e+01
1.989994994999999989e+01,-5.774488998500000037e+01,-3.662524064699999826e+01,-2.225317549300000053e+01,-2.942009562499999831e+01,-3.020251989200000153e+01
1.991995995999999991e+01,-5.216497652799999685e+01,-5.385311246100000204e+01,-1.881480519100000137e+01,-2.063172984899999918e+01,-3.184164665799999838e+01
1.993996996999999993e+01,-3.257477891100000278e+01,-3.521274583699999994e+01,-4.014494348600000251e+01,-2.873107615099999990e+01,-2.750017348700000142e+01
1.995997997999999995e+01,-4.586675084699999871e+01,-4.324509966000000105e+01,-2.091596335199999857e+01,-3.147866437800000128e+01,-5.395360211599999900e+01
1.997998998999999998e+01,-3.575522695200000101e+01,-5.047566296499999794e+01,-4.511925607399999905e+01,-3.901902202499999817e+01,-4.392809060799999799e+01
2.000000000000000000e+01,-4.076055013399999893e+01,-2.647444780900000083e+01,-2.320359382799999892e+01,-2.964374051700000123e+01,-2.495879799900000151e+01
