freq_GHz,S21_dB,S31_dB,S41_dB,S51_dB,S61_dB
1.000000000000000021e-02,-7.171504344199999537e+01,-6.940229594699999893e+01,-7.660205855200000258e+01,-7.942738871000000245e+01,-7.140979835199999570e+01
3.001001001000000099e-02,-7.616125209599999835e+01,-7.803484721799999591e+01,-7.752661537000000180e+01,-7.367842522600000166e+01,-7.499832220999999777e+01
5.002002002000000003e-02,-8.059522330599999407e+01,-9.154739554399999690e+01,-8.910243671199999937e+01,-7.645823436700000286e+01,-7.635142573199999561e+01
7.003003002999999560e-02,-8.036611831300000119e+01,-8.024983163900000704e+01,-8.274640355500000055e+01,-8.089691759900000534e+01,-7.141353430899999921e+01
9.004004004000000505e-02,-8.091039750699999900e+01,-8.509332022099999904e+01,-8.398852913100000706e+01,-8.675818536600000641e+01,-7.976814746899999875e+01
1.100500500500000006e-01,-8.276296386900000357e+01,-8.215173909700000365e+01,-7.562941948600000330e+01,-7.418492986200000416e+01,-8.536904503499999919e+01
1.300600600600000101e-01,-7.743701133000000425e+01,-7.934353993199999877e+01,-8.297643552200000272e+01,-8.295220326999999827e+01,-7.840948767300000100e+01
1.500700700700000056e-01,-8.393892505700000584e+01,-8.280115847899999437e+01,-8.178504574999999477e+01,-7.831975565700000175e+01,-8.215533692099999996e+01
1.700800800800000012e-01,-7.593948237399999357e+01,-7.722801982800000076e+01,-7.988729317600000002e+01,-8.128201117000000409e+01,-8.383087730600000498e+01
1.900900900899999968e-01,-9.913863016999999900e+01,-7.584315530199999955e+01,-8.745447162600000013e+01,-9.116479739499999368e+01,-7.625450044000000105e+01
2.101001000999999924e-01,-7.922401368600000637e+01,-8.190537701399999548e+01,-9.037521842600000355e+01,-8.641680972100000702e+01,-9.804993456699999399e+01
2.301101101100000157e-01,-8.015673238300000492e+01,-7.703399552300000153e+01,-7.841076920400000461e+01,-7.679637669500000641e+01,-7.880886825199999635e+01
2.501201201200000113e-01,-8.352919425000000331e+01,-8.005412924300000554e+01,-8.925454603699999723e+01,-7.902255313899999578e+01,-7.420875465899999313e+01
2.701301301299999791e-01,-7.568428234200000304e+01,-7.331449285200000077e+01,-8.067079109700000572e+01,-8.608898194399999682e+01,-7.951357834799999580e+01
2.901401401400000024e-01,-7.710848340900000153e+01,-7.817865246700000625e+01,-7.628266649299999358e+01,-9.397028301899999292e+01,-7.680844041699999991e+01
3.101501501499999702e-01,-7.581989438899999811e+01,-8.078378847599999801e+01,-7.432245342100000585e+01,-7.575954718500000240e+01,-7.962893051199999661e+01
3.301601601600000491e-01,-7.730679492000000153e+01,-7.640510891099999924e+01,-7.937709888499999522e+01,-7.668377479900000537e+01,-7.900856262199999946e+01
3.501701701700000169e-01,-7.703983199200000342e+01,-8.270212900100000297e+01,-7.519785996699999941e+01,-7.752734727200000009e+01,-7.531622987400000113e+01
3.701801801799999847e-01,-9.287304156700000135e+01,-8.185292506599999740e+01,-7.401735360300000366e+01,-8.558003369300000429e+01,-7.367613066399999866e+01
3.901901901900000080e-01,-7.557872181499999442e+01,-8.248606785799999841e+01,-7.255582071899999619e+01,-8.545732008699999938e+01,-7.431341846600000167e+01
4.102002001999999758e-01,-7.736905188900000496e+01,-8.089830294499999752e+01,-8.141003157100000465e+01,-8.063870507999999404e+01,-7.826148059999999873e+01
4.302102102099999992e-01,-6.997855250800000704e+01,-7.536282918099999506e+01,-7.886848960999999747e+01,-8.077894718500000693e+01,-7.243769948599999964e+01
4.502202202200000225e-01,-7.419319878000000301e+01,-7.698987073799999337e+01,-7.920279661799999360e+01,-9.365240020400000276e+01,-7.985556607700000598e+01
4.702302302300000458e-01,-7.580331584200000350e+01,-7.109743336399999691e+01,-7.396427863200000274e+01,-7.509914167200000179e+01,-7.556668780600000446e+01
4.902402402400000136e-01,-8.600264526799999487e+01,-7.684908181599999466e+01,-7.571665078600000243e+01,-7.566229487299999334e+01,-7.144543318499999884e+01
5.102502502500000370e-01,-7.301250186900000472e+01,-7.834714938099999415e+01,-7.285835244199999750e+01,-7.091885586600000124e+01,-7.401752064000000075e+01
5.302602602599999493e-01,-7.972903492899999378e+01,-7.729519913299999700e+01,-7.210295837900000038e+01,-7.560214702899999395e+01,-6.991574677699999540e+01
5.502702702699999726e-01,-7.452221199999999612e+01,-7.598044713999999544e+01,-6.586243267099999343e+01,-7.115578998700000568e+01,-6.483776292500000693e+01
5.702802802799999959e-01,-7.641152761200000043e+01,-7.149809945200000527e+01,-6.478947372999999743e+01,-7.229152145899999482e+01,-6.396533766799999654e+01
5.902902902899999082e-01,-7.059027225699999519e+01,-8.041417443900000706e+01,-6.095507544800000232e+01,-6.933027307099999348e+01,-5.994058596499999680e+01
6.103003002999999316e-01,-8.031969902900000591e+01,-8.661284074600000338e+01,-5.978087689899999901e+01,-7.197932735599999887e+01,-5.848337262599999775e+01
6.303103103099999549e-01,-6.801150434199999495e+01,-6.848265509300000531e+01,-5.743682234300000289e+01,-6.282806111400000049e+01,-5.668079805099999646e+01
6.503203203200000893e-01,-7.265723245600000268e+01,-7.104609372500000575e+01,-5.458568291200000289e+01,-6.397066634499999793e+01,-5.371281387500000193e+01
6.703303303300000016e-01,-6.522190403099999401e+01,-7.168610005099999682e+01,-5.200727928100000241e+01,-6.923310575700000413e+01,-5.229940252899999820e+01
6.903403403400000249e-01,-7.566105561999999907e+01,-6.104127722599999828e+01,-4.978488202100000137e+01,-6.663954443999999455e+01,-4.887810345399999790e+01
7.103503503500000482e-01,-6.362373389500000087e+01,-6.183053877799999754e+01,-5.037293190599999804e+01,-7.467987478499999554e+01,-4.645813610700000140e+01
7.303603603599999605e-01,-7.036717927499999803e+01,-6.162310924599999851e+01,-5.040421063699999848e+01,-7.122591994399999749e+01,-4.667503588400000325e+01
7.503703703699999839e-01,-6.023963379300000298e+01,-6.020963871699999714e+01,-4.966330431499999776e+01,-6.908904665599999362e+01,-4.698294383300000021e+01
7.703803803800000072e-01,-6.057567739800000339e+01,-6.041993642700000322e+01,-4.932406531000000172e+01,-6.857351009699999622e+01,-4.558803271899999743e+01
7.903903903900000305e-01,-5.820784691699999769e+01,-5.839025671800000339e+01,-4.840657373399999841e+01,-6.927230342500000404e+01,-4.526730206999999950e+01
8.104004003999999428e-01,-5.715018621299999779e+01,-5.842987431699999945e+01,-4.824589935499999882e+01,-8.528718746399999873e+01,-4.527357839500000125e+01
8.304104104099999661e-01,-5.524924588900000089e+01,-6.328961326400000331e+01,-4.679690974199999687e+01,-6.720362823799999319e+01,-4.420242982599999948e+01
8.504204204199999895e-01,-5.546441913700000015e+01,-5.665142859699999889e+01,-4.711655265699999973e+01,-5.940299204299999758e+01,-4.400149050099999926e+01
8.704304304299999018e-01,-5.543021576499999981e+01,-5.354855642999999787e+01,-4.702936255899999907e+01,-5.939606326700000238e+01,-4.427900174799999888e+01
8.904404404400000361e-01,-5.548708516899999665e+01,-5.346551020399999743e+01,-4.798779045599999904e+01,-5.999261356200000250e+01,-4.452721749700000231e+01
9.104504504500000595e-01,-5.571047232899999813e+01,-5.518390175900000116e+01,-4.840243201500000225e+01,-6.041639641300000108e+01,-4.508069834300000167e+01
9.304604604600000828e-01,-5.678642573900000201e+01,-5.997303825200000205e+01,-4.845415616700000072e+01,-6.524357646699999691e+01,-4.637624473200000352e+01
9.504704704699999951e-01,-5.550728051600000157e+01,-5.957650898699999686e+01,-5.101024073600000008e+01,-6.609537346000000468e+01,-4.781045307600000172e+01
9.704804804800000184e-01,-6.189200214899999963e+01,-5.670998562999999848e+01,-5.028196972500000328e+01,-7.239588787600000330e+01,-4.940496843599999721e+01
9.904904904900000417e-01,-6.295321803499999902e+01,-6.132631760600000348e+01,-5.029095783000000353e+01,-6.757502191899999389e+01,-4.922965087299999709e+01
1.010500500500000065e+00,-5.851147901699999920e+01,-6.317693713799999955e+01,-5.095723656500000232e+01,-6.408049058599999626e+01,-4.896727082200000325e+01
1.030510510500000088e+00,-5.918989281999999719e+01,-6.246933950500000066e+01,-5.114860148599999690e+01,-6.390570089799999920e+01,-5.005247856300000109e+01
1.050520520500000110e+00,-6.463173222400000384e+01,-7.319833518199999389e+01,-5.113936220400000110e+01,-6.609745100499999637e+01,-4.928502140599999848e+01
1.070530530499999911e+00,-6.192648372200000040e+01,-6.187620354599999928e+01,-5.052326678000000015e+01,-6.628346706799999311e+01,-4.970141699900000276e+01
1.090540540499999933e+00,-7.174289224400000364e+01,-6.089346983699999782e+01,-4.951687448300000227e+01,-6.453186797399999364e+01,-4.774038992900000267e+01
1.110550550599999964e+00,-6.392001510099999706e+01,-7.420525183300000549e+01,-4.869763221600000236e+01,-7.026432749500000341e+01,-4.767131718499999948e+01
1.130560560599999986e+00,-6.874982551300000466e+01,-6.079367622800000248e+01,-4.755809212999999858e+01,-6.580803899000000001e+01,-4.624689413299999785e+01
1.150570570600000009e+00,-6.937625883900000190e+01,-5.778272432800000047e+01,-4.745925778899999870e+01,-6.372597407800000013e+01,-4.648918150000000082e+01
1.170580580599999809e+00,-7.818890701099999774e+01,-6.686010252799999876e+01,-4.854801016300000072e+01,-6.581969734199999778e+01,-4.561809124500000223e+01
1.190590590599999832e+00,-7.469245555800000602e+01,-6.457275327899999695e+01,-4.887341857300000214e+01,-7.209348264700000186e+01,-4.620647274200000254e+01
1.210600600599999854e+00,-7.511566177599999605e+01,-7.124216841499999475e+01,-4.784306061299999868e+01,-6.745073203299999420e+01,-4.400679064399999874e+01
1.230610610599999877e+00,-6.476685895900000389e+01,-6.923348514900000339e+01,-4.704099709900000192e+01,-5.758956945500000302e+01,-4.333104280500000272e+01
1.250620620599999899e+00,-6.145793605699999773e+01,-7.108524011199999393e+01,-4.540421600599999863e+01,-6.172144737099999645e+01,-4.233527341399999955e+01
1.270630630599999922e+00,-6.434185266000000070e+01,-6.965481002100000296e+01,-4.457913286499999828e+01,-5.800161015700000178e+01,-4.149190438899999833e+01
1.290640640599999944e+00,-6.505133213499999556e+01,-6.113049418399999979e+01,-4.400529457500000063e+01,-5.890614934500000288e+01,-4.078982582900000153e+01
1.310650650699999975e+00,-6.177853199799999828e+01,-6.058314539399999887e+01,-4.322638156200000026e+01,-5.756868416500000052e+01,-4.015598047999999665e+01
1.330660660699999998e+00,-6.260635084900000180e+01,-5.860379721599999669e+01,-4.294388429600000023e+01,-5.586136181999999906e+01,-4.006805500400000142e+01
1.350670670700000020e+00,-5.934934712199999751e+01,-5.365156391299999683e+01,-4.278209740799999850e+01,-5.567630214599999761e+01,-3.888834404400000011e+01
1.370680680700000043e+00,-5.998499791599999753e+01,-5.225698205799999840e+01,-4.391936383000000177e+01,-5.565999931099999998e+01,-3.780065837600000123e+01
1.390690690700000065e+00,-6.585431327800000645e+01,-5.366609648099999674e+01,-4.259139258599999778e+01,-5.380318321899999745e+01,-3.681258505000000270e+01
1.410700700700000088e+00,-5.721496742800000135e+01,-5.735356180000000137e+01,-4.098995939200000294e+01,-5.542023807900000065e+01,-3.602822800700000272e+01
1.430710710700000110e+00,-6.004900502699999976e+01,-5.285717265499999939e+01,-3.986026079500000208e+01,-5.300203777499999802e+01,-3.557435321700000230e+01
1.450720720700000133e+00,-5.635208297500000185e+01,-5.216293873099999701e+01,-3.932732413400000127e+01,-5.325996833600000002e+01,-3.455228970699999991e+01
1.470730730700000155e+00,-5.457605516600000328e+01,-5.046740867199999769e+01,-3.915401668700000215e+01,-5.741786866500000031e+01,-3.404001771400000109e+01
1.490740740699999956e+00,-5.423196387000000129e+01,-4.991734873400000083e+01,-3.798464476800000256e+01,-5.668659002500000099e+01,-3.334455458200000066e+01
1.510750750799999986e+00,-5.461206853899999913e+01,-5.134611884499999945e+01,-3.735825603300000353e+01,-5.601055219900000282e+01,-3.231568715600000274e+01
1.530760760800000009e+00,-5.766083028100000263e+01,-5.367698378800000114e+01,-3.580109282499999779e+01,-6.010447418100000050e+01,-3.097799032400000030e+01
1.550770770800000031e+00,-5.753963940500000263e+01,-5.634070027900000355e+01,-3.528302307199999888e+01,-6.073417793899999850e+01,-3.001792822499999858e+01
1.570780780800000054e+00,-5.442420499600000028e+01,-5.350756326399999807e+01,-3.505541219100000205e+01,-5.335227395199999734e+01,-2.952897372900000050e+01
1.590790790799999854e+00,-5.391529665200000210e+01,-5.026275837400000057e+01,-3.454510192299999716e+01,-5.091084195399999857e+01,-2.929525359000000151e+01
1.610800800799999877e+00,-5.162602412399999707e+01,-5.070596885700000200e+01,-3.565529478799999907e+01,-4.935846669000000020e+01,-2.961793639600000105e+01
1.630810810799999899e+00,-4.844217299200000326e+01,-4.857643888500000173e+01,-3.487333285700000118e+01,-4.875543817599999841e+01,-2.981634810999999985e+01
1.650820820799999922e+00,-4.728096657199999697e+01,-4.859842283999999779e+01,-3.456838015900000016e+01,-4.783657168900000300e+01,-2.934495235500000021e+01
1.670830830799999944e+00,-4.654514271600000086e+01,-4.718132657599999646e+01,-3.245701711299999914e+01,-4.793066011900000234e+01,-2.826137844799999854e+01
1.690840840799999967e+00,-4.880002265200000267e+01,-4.595969020700000129e+01,-3.115275265000000005e+01,-5.158776361299999991e+01,-2.775161599000000123e+01
1.710850850899999998e+00,-4.851360100400000164e+01,-4.447017819999999944e+01,-3.012104856199999858e+01,-5.359665013600000094e+01,-2.765231662100000065e+01
1.730860860900000020e+00,-4.975665200200000271e+01,-4.355307827499999718e+01,-3.010010261400000076e+01,-5.319733675300000186e+01,-2.754723814300000129e+01
1.750870870900000043e+00,-5.026612608899999657e+01,-4.416169768000000317e+01,-3.109434296499999917e+01,-5.111172758800000082e+01,-2.769049099100000078e+01
1.770880880900000065e+00,-4.842463030700000104e+01,-4.630874426599999794e+01,-3.181059562900000159e+01,-4.989848306100000030e+01,-2.810770582299999987e+01
1.790890890900000088e+00,-4.911129199300000181e+01,-4.430888789499999803e+01,-3.232089264900000103e+01,-4.964448000899999869e+01,-2.888678388499999983e+01
1.810900900900000110e+00,-4.957466217700000044e+01,-4.518963427599999960e+01,-3.419122129600000193e+01,-5.774504257499999937e+01,-2.939549575799999914e+01
1.830910910900000133e+00,-5.367763902800000153e+01,-4.569283503999999851e+01,-3.552449352299999674e+01,-6.049877632500000146e+01,-3.056434639900000150e+01
1.850920920900000155e+00,-5.962899235900000150e+01,-4.797993642400000169e+01,-3.682047602600000147e+01,-6.997156761899999822e+01,-3.184284304099999829e+01
1.870930930900000178e+00,-5.670244835799999805e+01,-5.261665428599999927e+01,-3.705423064400000044e+01,-5.870480545400000238e+01,-3.273869820499999861e+01
1.890940940900000200e+00,-5.536146411600000050e+01,-5.113039591700000130e+01,-3.644567182800000182e+01,-5.733477047699999929e+01,-3.316951508900000078e+01
1.910950951000000009e+00,-5.107802517199999670e+01,-4.911365831300000195e+01,-3.555886187000000120e+01,-5.756066158200000160e+01,-3.347320756999999958e+01
1.930960961000000031e+00,-5.093635343399999726e+01,-4.895342145699999747e+01,-3.441296102199999751e+01,-5.234315468100000146e+01,-3.282136196300000108e+01
1.950970971000000054e+00,-4.915710599399999836e+01,-4.844945972699999714e+01,-3.328874040699999881e+01,-5.450551166000000336e+01,-3.187384184000000076e+01
1.970980981000000076e+00,-4.932488922800000353e+01,-4.668687438700000314e+01,-3.297867532600000118e+01,-5.562177400899999924e+01,-3.063728580200000096e+01
1.990990991000000099e+00,-4.980350928600000060e+01,-4.709014642599999689e+01,-3.316426774300000346e+01,-5.654772535299999703e+01,-3.001837598399999862e+01
2.011001000999999899e+00,-4.892523563999999681e+01,-4.718207214899999968e+01,-3.283123110500000053e+01,-5.935325692100000339e+01,-2.975038761000000065e+01
2.031011010999999922e+00,-4.881742149099999750e+01,-4.966233776199999994e+01,-3.330982409899999652e+01,-5.874881832199999820e+01,-2.959522914800000137e+01
2.051021020999999944e+00,-4.917799349100000228e+01,-4.861449344900000114e+01,-3.313899346800000245e+01,-5.862017021399999805e+01,-2.953186746800000151e+01
2.071031030999999967e+00,-4.974349401999999998e+01,-4.728954825000000284e+01,-3.246302064900000062e+01,-5.947268852599999889e+01,-2.969086078799999839e+01
2.091041040999999989e+00,-4.956109668199999874e+01,-4.542536722799999893e+01,-3.184751849599999929e+01,-5.723480826899999840e+01,-2.942252524599999930e+01
2.111051051100000020e+00,-5.183642067800000319e+01,-4.536436263099999877e+01,-3.227480153799999840e+01,-5.400851611899999938e+01,-2.919261926700000132e+01
2.131061061100000043e+00,-5.201154196499999927e+01,-4.427192212500000323e+01,-3.300845625499999869e+01,-5.432741429400000044e+01,-2.896088373099999913e+01
2.151071071100000065e+00,-5.363919881099999998e+01,-4.497755653600000159e+01,-3.339928839600000288e+01,-5.150162321100000185e+01,-2.892149707200000108e+01
2.171081081100000088e+00,-5.001561023899999725e+01,-4.796738305600000274e+01,-3.313158631200000315e+01,-5.292339215300000177e+01,-2.865925760700000069e+01
2.191091091100000110e+00,-5.073487879799999689e+01,-4.847463267599999881e+01,-3.283889795000000333e+01,-5.251142973599999664e+01,-2.862552722799999927e+01
2.211101101099999688e+00,-4.777338862999999947e+01,-4.798696644599999672e+01,-3.258047745100000014e+01,-5.226223809700000089e+01,-2.859071979300000166e+01
2.231111111099999711e+00,-4.817026716699999866e+01,-4.871966076300000026e+01,-3.224029800299999948e+01,-5.013947879799999896e+01,-2.890840115700000013e+01
2.251121121099999733e+00,-4.926259139599999770e+01,-5.005884761200000099e+01,-3.214652411899999862e+01,-5.391683305099999757e+01,-2.937000903799999918e+01
2.271131131099999756e+00,-4.814217690600000310e+01,-5.218709618700000163e+01,-3.254204851899999795e+01,-5.017150024099999683e+01,-2.986776071299999913e+01
2.291141141099999778e+00,-4.903403099799999865e+01,-5.582181477500000000e+01,-3.260732119800000106e+01,-4.879570026999999754e+01,-3.048666687200000069e+01
2.311151151199999809e+00,-4.993867853399999746e+01,-5.748742637600000194e+01,-3.312097694199999864e+01,-4.721125209400000244e+01,-3.063325969199999932e+01
2.331161161199999832e+00,-4.998419833199999829e+01,-5.520594871600000175e+01,-3.329851195799999886e+01,-4.746977861399999910e+01,-3.020287712200000030e+01
2.351171171199999854e+00,-4.986014459300000112e+01,-5.372405376500000074e+01,-3.295129779100000178e+01,-4.584675156000000129e+01,-2.916938596600000011e+01
2.371181181199999877e+00,-4.865915220899999838e+01,-5.493193295999999748e+01,-3.208455271799999764e+01,-4.591956573299999889e+01,-2.830660630599999905e+01
2.391191191199999899e+00,-4.878956180200000148e+01,-5.503988137300000005e+01,-3.228676392799999917e+01,-4.605264714100000134e+01,-2.771474190800000059e+01
2.411201201199999922e+00,-4.707121824499999718e+01,-5.188554294600000105e+01,-3.249690810999999968e+01,-4.634855880300000308e+01,-2.747051698099999939e+01
2.431211211199999944e+00,-4.840976900700000130e+01,-4.998488044100000138e+01,-3.218867130699999990e+01,-4.621248004499999951e+01,-2.767240367000000134e+01
2.451221221199999967e+00,-4.960856565499999959e+01,-5.127569827100000310e+01,-3.161487337599999847e+01,-4.608807309800000240e+01,-2.800490910499999941e+01
2.471231231199999989e+00,-4.918678469999999692e+01,-5.157387575900000343e+01,-3.157599400999999872e+01,-4.755304674799999987e+01,-2.843274177099999989e+01
2.491241241200000012e+00,-4.785561048699999986e+01,-5.093129538200000184e+01,-3.153891925399999963e+01,-4.822071436499999919e+01,-2.917107863300000048e+01
2.511251251300000042e+00,-4.710078219300000058e+01,-5.104612896900000152e+01,-3.128738968100000051e+01,-4.900111781500000063e+01,-3.006398558500000107e+01
2.531261261300000065e+00,-4.622021142199999844e+01,-4.950964095900000217e+01,-3.166317466899999999e+01,-5.204360240900000178e+01,-3.125629399800000030e+01
2.551271271300000087e+00,-4.999940350499999653e+01,-4.851989282099999912e+01,-3.241004361600000294e+01,-5.152339388600000092e+01,-3.288679806300000052e+01
2.571281281300000110e+00,-4.929019457300000084e+01,-4.820857716999999809e+01,-3.298063974299999757e+01,-5.078207613000000009e+01,-3.405367303500000276e+01
2.591291291300000132e+00,-5.010663249000000263e+01,-4.644058634400000329e+01,-3.352893244500000236e+01,-5.260007539299999735e+01,-3.526539118600000222e+01
2.611301301300000155e+00,-5.052127566099999711e+01,-4.718118209899999727e+01,-3.445085353199999645e+01,-5.241281244599999667e+01,-3.572231088800000265e+01
2.631311311300000177e+00,-5.363917044000000089e+01,-4.699767282399999857e+01,-3.444153460599999761e+01,-5.170032980199999884e+01,-3.574057749899999692e+01
2.651321321300000200e+00,-5.147947253400000278e+01,-4.648329884599999673e+01,-3.523087048600000060e+01,-4.824900608200000107e+01,-3.485692019599999725e+01
2.671331331300000222e+00,-4.894041652800000008e+01,-4.891775170100000025e+01,-3.561852209399999936e+01,-4.903759664300000054e+01,-3.353932381300000287e+01
2.691341341300000245e+00,-4.935048012699999731e+01,-4.736494190700000217e+01,-3.623658606600000098e+01,-4.911708460100000195e+01,-3.295647781000000265e+01
2.711351351400000276e+00,-4.968186233899999849e+01,-4.804602779999999740e+01,-3.712227432499999935e+01,-4.850827654199999728e+01,-3.205730342799999733e+01
2.731361361400000298e+00,-5.021904964800000215e+01,-5.011765442299999762e+01,-3.749649758900000052e+01,-4.973909791700000227e+01,-3.109677730099999948e+01
2.751371371399999877e+00,-5.089822137400000202e+01,-4.909829843899999702e+01,-3.895323093700000072e+01,-5.005295098300000234e+01,-3.072184201800000025e+01
2.771381381399999899e+00,-5.559294883500000140e+01,-5.221106873699999795e+01,-4.001262718899999982e+01,-5.074650711099999967e+01,-3.035231406200000137e+01
2.791391391399999922e+00,-5.299660373700000093e+01,-5.290944930100000221e+01,-4.102094109299999758e+01,-5.112172784399999870e+01,-3.034156148099999939e+01
2.811401401399999944e+00,-5.320081198599999794e+01,-5.354996637200000009e+01,-4.320938494100000327e+01,-5.342646218200000163e+01,-3.015862083000000027e+01
2.831411411399999967e+00,-5.300213600699999716e+01,-5.023332943199999789e+01,-4.516958643000000251e+01,-5.387194441900000186e+01,-2.976557253700000061e+01
2.851421421399999989e+00,-5.471212948800000220e+01,-5.407895440000000065e+01,-4.533170064499999796e+01,-5.432734505999999897e+01,-2.993180898600000006e+01
2.871431431400000012e+00,-5.621151165799999916e+01,-5.515123385799999767e+01,-4.500959191300000128e+01,-5.246378024500000237e+01,-2.973172389999999865e+01
2.891441441400000034e+00,-5.661002494699999943e+01,-5.091876343300000229e+01,-4.580784845099999814e+01,-5.048998625699999820e+01,-2.914529173500000070e+01
2.911451451500000065e+00,-5.402722562000000295e+01,-5.477662103400000149e+01,-4.437646806899999774e+01,-4.983979349599999864e+01,-2.864775351000000114e+01
2.931461461500000087e+00,-5.432866798900000305e+01,-5.512396668400000266e+01,-4.334520679399999921e+01,-4.813703215000000313e+01,-2.825937365500000098e+01
2.951471471500000110e+00,-5.328257385399999890e+01,-5.256972974399999998e+01,-4.099143866299999672e+01,-5.013827710500000023e+01,-2.806780990700000089e+01
2.971481481500000132e+00,-5.360667326800000154e+01,-5.335444378700000101e+01,-3.923857913399999831e+01,-5.005177378900000207e+01,-2.766834207899999853e+01
2.991491491500000155e+00,-5.204739105000000166e+01,-5.464680419300000125e+01,-3.822485710400000158e+01,-4.951764355400000284e+01,-2.755025930000000045e+01
3.011501501500000177e+00,-4.939151729200000318e+01,-5.457471405799999786e+01,-3.676468627999999939e+01,-4.927513056899999810e+01,-2.723881367899999972e+01
3.031511511500000200e+00,-5.013908248399999934e+01,-5.612043401399999709e+01,-3.612313832299999916e+01,-4.863846596399999811e+01,-2.663059539300000012e+01
3.051521521499999778e+00,-4.927949922700000229e+01,-5.424452755499999768e+01,-3.486835847599999738e+01,-4.725158153400000316e+01,-2.601489670799999843e+01
3.071531531499999801e+00,-4.813813255600000218e+01,-5.154844173200000057e+01,-3.360081349000000017e+01,-4.910628965600000129e+01,-2.551689887399999890e+01
3.091541541499999823e+00,-4.590385516199999927e+01,-5.156131380099999717e+01,-3.265686549400000160e+01,-4.879761333399999756e+01,-2.499726617099999970e+01
3.111551551599999854e+00,-4.439044287000000111e+01,-5.076032518099999891e+01,-3.218414207099999658e+01,-4.941572956899999980e+01,-2.436348126100000044e+01
3.131561561599999877e+00,-4.464571331599999837e+01,-5.281468825799999678e+01,-3.194735263800000169e+01,-5.036063190200000150e+01,-2.410297945499999983e+01
3.151571571599999899e+00,-4.291593883099999829e+01,-5.365861301999999711e+01,-3.208077827799999682e+01,-5.237503350200000085e+01,-2.382065673099999970e+01
3.171581581599999922e+00,-4.400028456199999738e+01,-5.483556227700000107e+01,-3.207644479599999698e+01,-5.473918239599999680e+01,-2.332089415100000096e+01
3.191591591599999944e+00,-4.301162123000000292e+01,-5.818483780599999733e+01,-3.156044211700000091e+01,-5.371993735000000214e+01,-2.301481010899999902e+01
3.211601601599999967e+00,-4.390378940299999755e+01,-6.040126951399999911e+01,-3.133532932800000026e+01,-5.582796956800000032e+01,-2.275394978299999948e+01
3.231611611599999989e+00,-4.293117120000000142e+01,-6.302410098499999691e+01,-3.103506355000000028e+01,-6.639770852600000239e+01,-2.233838442500000099e+01
3.251621621600000012e+00,-4.333948176500000216e+01,-6.360002180400000071e+01,-3.093095030899999998e+01,-5.728900898399999875e+01,-2.185870520799999994e+01
3.271631631600000034e+00,-4.268336719399999879e+01,-6.456889927599999623e+01,-3.055491543899999840e+01,-5.783842107499999941e+01,-2.144320990499999979e+01
3.291641641600000057e+00,-4.176854095200000216e+01,-5.761764087400000278e+01,-3.005104148199999869e+01,-7.497852074399999367e+01,-2.114046003500000026e+01
3.311651651699999643e+00,-4.223005749800000075e+01,-5.543730129200000079e+01,-3.015413532499999860e+01,-5.755468716200000046e+01,-2.089512409599999998e+01
3.331661661699999666e+00,-4.083611869599999977e+01,-5.558933314899999800e+01,-2.987772375500000166e+01,-5.582496327100000144e+01,-2.083731788000000051e+01
3.351671671699999688e+00,-4.098314075999999773e+01,-5.143065903499999791e+01,-2.972651005499999854e+01,-5.216217587900000296e+01,-2.073966160200000175e+01
3.371681681699999711e+00,-4.006657901900000240e+01,-6.041311174500000192e+01,-2.986914565000000010e+01,-5.957972666900000291e+01,-2.085901910100000123e+01
3.391691691699999733e+00,-4.040122343000000171e+01,-4.901830337799999882e+01,-3.000207616400000177e+01,-5.570419373000000007e+01,-2.100799720799999903e+01
3.411701701699999756e+00,-3.961422382899999661e+01,-4.866921072000000237e+01,-2.973005174600000089e+01,-6.357125006100000064e+01,-2.120422359599999851e+01
3.431711711699999778e+00,-3.927821902800000231e+01,-4.852620714199999696e+01,-2.941485404499999845e+01,-5.924034905900000325e+01,-2.128848389499999882e+01
3.451721721699999801e+00,-4.094737351599999897e+01,-4.867623829099999710e+01,-2.897002304800000161e+01,-5.676608670899999964e+01,-2.146794192000000123e+01
3.471731731699999823e+00,-3.964499534200000141e+01,-4.942846689900000001e+01,-2.903877339399999968e+01,-5.902211057800000304e+01,-2.158881350200000071e+01
3.491741741699999846e+00,-4.043489311399999764e+01,-4.590359584600000176e+01,-2.859526757100000083e+01,-5.393131208999999870e+01,-2.179716752099999866e+01
3.511751751800000321e+00,-4.189432026899999784e+01,-4.219216583899999762e+01,-2.806314051800000087e+01,-5.071201161100000121e+01,-2.221298829699999899e+01
3.531761761800000343e+00,-3.952621642599999774e+01,-4.113349011199999694e+01,-2.749944172100000017e+01,-6.773811769600000332e+01,-2.255764771200000141e+01
3.551771771800000366e+00,-3.992780940299999770e+01,-4.471516322400000121e+01,-2.716470755699999984e+01,-5.876801899200000179e+01,-2.319616484999999884e+01
3.571781781800000388e+00,-4.018728220100000215e+01,-4.655975044299999865e+01,-2.695336799100000036e+01,-5.548382638199999661e+01,-2.381334878699999891e+01
3.591791791800000411e+00,-3.937739960500000080e+01,-4.570123566099999834e+01,-2.646315611200000006e+01,-5.239697991599999938e+01,-2.465844983799999923e+01
3.611801801799999989e+00,-4.105936436700000058e+01,-4.258001516699999911e+01,-2.617103852500000016e+01,-5.660490036000000202e+01,-2.540581505400000140e+01
3.631811811800000012e+00,-4.244073992199999878e+01,-4.262637493799999788e+01,-2.595338087600000065e+01,-5.792579632399999667e+01,-2.589533230199999991e+01
3.651821821800000034e+00,-4.234393355800000336e+01,-4.431284857699999691e+01,-2.581532838900000115e+01,-6.264794061900000344e+01,-2.658005637100000129e+01
3.671831831800000057e+00,-4.303917929100000350e+01,-5.261102364100000273e+01,-2.585366302699999963e+01,-5.625048873099999724e+01,-2.688341112499999852e+01
3.691841841800000079e+00,-4.433106589100000150e+01,-5.941759398800000014e+01,-2.598492504000000025e+01,-5.586351745700000038e+01,-2.703871713699999901e+01
3.711851851900000110e+00,-4.455635028999999747e+01,-4.398066171100000332e+01,-2.643104235299999871e+01,-5.338198991400000182e+01,-2.740018556500000102e+01
3.731861861900000132e+00,-4.413315795399999786e+01,-4.323370682000000187e+01,-2.656100051700000009e+01,-8.057463225600000101e+01,-2.768262564400000159e+01
3.751871871900000155e+00,-4.314722339000000062e+01,-4.720184898499999804e+01,-2.646638609900000105e+01,-5.909147223200000099e+01,-2.833833573400000105e+01
3.771881881900000177e+00,-4.339007624100000271e+01,-6.402915711599999327e+01,-2.675778492699999944e+01,-5.942561658500000021e+01,-2.880359382500000009e+01
3.791891891900000200e+00,-4.286465781999999791e+01,-5.505516676900000306e+01,-2.737640541000000027e+01,-5.702007509100000249e+01,-2.921928974900000142e+01
3.811901901900000222e+00,-4.221138537000000213e+01,-4.858071160200000094e+01,-2.756305776299999977e+01,-5.324925409299999757e+01,-2.941382402300000010e+01
3.831911911900000245e+00,-4.335591692100000216e+01,-4.842752906999999851e+01,-2.782659093399999861e+01,-5.429527933199999978e+01,-2.980867341500000123e+01
3.851921921900000267e+00,-4.358109538499999758e+01,-5.145063147599999809e+01,-2.793724702900000167e+01,-5.280101936900000226e+01,-2.989566742599999927e+01
3.871931931900000290e+00,-4.343418691000000109e+01,-5.817921975400000179e+01,-2.819737413000000004e+01,-5.703899645599999957e+01,-2.968931310099999976e+01
3.891941941900000312e+00,-4.455357381599999655e+01,-5.840854383399999961e+01,-2.869387752300000116e+01,-6.135817544199999674e+01,-2.894940808200000149e+01
3.911951951999999899e+00,-4.679537566100000134e+01,-4.825356989800000207e+01,-2.934927631500000089e+01,-6.119135105099999805e+01,-2.907753417400000018e+01
3.931961961999999922e+00,-4.600178598600000157e+01,-4.608066804999999988e+01,-2.936249285399999920e+01,-5.727588688600000211e+01,-2.938499614999999920e+01
3.951971971999999944e+00,-4.521164357499999653e+01,-5.157812011499999727e+01,-2.930574872400000075e+01,-5.740902672299999665e+01,-2.952161484299999827e+01
3.971981981999999967e+00,-4.811802666999999900e+01,-6.137951445899999925e+01,-3.015994128899999893e+01,-6.585609614099999476e+01,-2.919472986899999967e+01
3.991991991999999989e+00,-4.656257651600000003e+01,-5.638597810299999935e+01,-3.008428884699999983e+01,-6.669356594799999982e+01,-2.927104734799999974e+01
4.012002002000000012e+00,-4.782128432599999712e+01,-5.724556073000000112e+01,-3.154249065999999857e+01,-6.161214044199999762e+01,-2.915710880199999977e+01
4.032012012000000034e+00,-5.005236625999999944e+01,-5.326387455799999771e+01,-3.194291328699999966e+01,-5.899986856799999657e+01,-2.931602503399999904e+01
4.052022022000000057e+00,-5.295486624000000120e+01,-5.383440318200000263e+01,-3.310353047600000309e+01,-5.779121233000000046e+01,-2.922305237799999844e+01
4.072032032000000079e+00,-5.062834891400000004e+01,-5.055744997099999694e+01,-3.342942673799999653e+01,-5.674665502799999928e+01,-2.865522589800000119e+01
4.092042042000000102e+00,-5.687971937199999672e+01,-5.077001101999999833e+01,-3.583397995199999997e+01,-5.669776311599999730e+01,-2.954262556100000126e+01
4.112052052100000132e+00,-5.507839367399999730e+01,-5.366199788200000143e+01,-3.603496736099999964e+01,-5.628101368699999796e+01,-2.946239951400000123e+01
4.132062062100000155e+00,-5.758179007500000068e+01,-5.102895414900000048e+01,-3.708346633899999745e+01,-5.459511421500000239e+01,-2.965569009100000031e+01
4.152072072100000177e+00,-5.525224528199999696e+01,-5.470210994499999657e+01,-3.670058850899999925e+01,-6.003807228099999804e+01,-2.953486708100000158e+01
4.172082082100000200e+00,-6.015467266299999949e+01,-5.065397297700000223e+01,-3.758831698099999841e+01,-6.505870892500000480e+01,-2.975265383600000035e+01
4.192092092100000222e+00,-5.890537948200000073e+01,-4.700146100799999971e+01,-3.772388853799999708e+01,-6.167901750200000066e+01,-3.025126256100000077e+01
4.212102102100000245e+00,-5.087035662000000258e+01,-4.899150974700000205e+01,-3.879085350100000085e+01,-6.253496765500000265e+01,-3.028841096100000030e+01
4.232112112100000267e+00,-5.418066738800000337e+01,-6.169301040199999875e+01,-4.126694015900000068e+01,-5.354546514500000143e+01,-3.121993027499999940e+01
4.252122122100000290e+00,-5.287750125800000234e+01,-6.221850934199999728e+01,-4.318518331300000312e+01,-6.026470344500000209e+01,-3.159334348200000164e+01
4.272132132100000312e+00,-5.085386970100000070e+01,-5.664570007399999696e+01,-4.472377154400000165e+01,-6.193959951800000141e+01,-3.190481451899999854e+01
4.292142142100000335e+00,-5.422418298699999895e+01,-5.166196509099999901e+01,-5.217459270799999871e+01,-5.484123367099999768e+01,-3.132957211700000144e+01
4.312152152199999477e+00,-6.500912202000000661e+01,-4.877653145000000023e+01,-4.830854656399999669e+01,-5.740514802300000241e+01,-3.209210762800000083e+01
4.332162162199999500e+00,-6.476631676799999582e+01,-4.923180937200000074e+01,-4.509847559100000325e+01,-6.169573267900000246e+01,-3.216849954900000341e+01
4.352172172199999522e+00,-6.169546449799999976e+01,-5.527123716900000261e+01,-4.346087905299999932e+01,-5.444760619899999909e+01,-3.244500992700000097e+01
4.372182182199999545e+00,-5.618285862500000150e+01,-6.272182613100000026e+01,-4.431014757399999837e+01,-5.549794111100000293e+01,-3.173930915500000083e+01
4.392192192199999567e+00,-5.857698337000000066e+01,-5.890989528600000114e+01,-4.603971030700000000e+01,-5.917879213100000158e+01,-3.249274137799999806e+01
4.412202202199999590e+00,-5.754944614299999728e+01,-5.775205292100000065e+01,-4.528281266100000124e+01,-6.564961317499999893e+01,-3.208613365600000122e+01
4.432212212199999612e+00,-5.944260609700000231e+01,-5.375924153199999722e+01,-4.106845502499999867e+01,-6.042576560199999847e+01,-3.212958045100000248e+01
4.452222222199999635e+00,-5.890485219100000336e+01,-5.925924460200000254e+01,-3.971803753300000039e+01,-5.642890478000000343e+01,-3.163874146599999904e+01
4.472232232199999657e+00,-6.263818922800000166e+01,-5.516007878199999936e+01,-3.937683223700000212e+01,-5.827084469999999783e+01,-3.163163338600000074e+01
4.492242242199999680e+00,-5.407405228599999703e+01,-4.954512242599999894e+01,-3.753801474099999780e+01,-6.576761460900000600e+01,-3.174275257800000105e+01
4.512252252300000599e+00,-5.679081331500000118e+01,-5.973342759100000166e+01,-3.483544440899999728e+01,-6.168136745500000018e+01,-3.107565969199999856e+01
4.532262262300000621e+00,-5.364750289799999905e+01,-5.895952850900000186e+01,-3.339230594899999716e+01,-6.391625306800000317e+01,-3.107725935199999867e+01
4.552272272299999756e+00,-5.508306781299999955e+01,-5.546981198099999943e+01,-3.339819403100000272e+01,-5.443288337399999932e+01,-3.090069840199999973e+01
4.572282282299999778e+00,-5.804003734100000145e+01,-5.041713992599999727e+01,-3.312054331000000218e+01,-5.877879836700000027e+01,-3.108930807799999840e+01
4.592292292299999801e+00,-6.800954266700000517e+01,-5.241969082800000024e+01,-3.246292961799999688e+01,-6.079123301799999979e+01,-3.114102829100000136e+01
4.612302302299999823e+00,-5.196250556100000040e+01,-5.387354300500000193e+01,-3.182377422900000141e+01,-5.746963704600000256e+01,-3.147633702599999950e+01
4.632312312299999846e+00,-5.955198040300000173e+01,-5.575339553199999898e+01,-3.132811531000000116e+01,-6.242065232800000274e+01,-3.208391037199999829e+01
4.652322322299999868e+00,-6.021374015500000354e+01,-5.878780678100000046e+01,-3.138533508100000091e+01,-6.181075508699999688e+01,-3.164459440499999943e+01
4.672332332299999891e+00,-5.491038808100000068e+01,-5.223097974600000271e+01,-3.089306695999999874e+01,-6.615532747800000379e+01,-3.234650662199999971e+01
4.692342342299999913e+00,-5.423807314999999818e+01,-5.195228173800000349e+01,-2.969954919899999979e+01,-7.859097144899999421e+01,-3.333038022800000277e+01
4.712352352399999944e+00,-5.958109092699999820e+01,-5.369179998700000311e+01,-2.918348808800000072e+01,-6.091649778299999696e+01,-3.308826821400000284e+01
4.732362362399999967e+00,-6.410900784700000088e+01,-4.676375470100000342e+01,-2.890080096899999873e+01,-6.257858437099999804e+01,-3.331857141300000080e+01
4.752372372399999989e+00,-6.077677700400000305e+01,-4.768246049799999753e+01,-2.865293403800000149e+01,-6.187698395299999987e+01,-3.376601108999999923e+01
4.772382382400000012e+00,-5.554915703799999704e+01,-6.252262541799999696e+01,-2.883636808199999990e+01,-6.266208621599999873e+01,-3.505199579899999662e+01
4.792392392400000034e+00,-6.013893678299999834e+01,-5.654261695200000304e+01,-2.831293841999999827e+01,-7.358561258899999302e+01,-3.534366907500000110e+01
4.812402402400000057e+00,-7.535268535900000586e+01,-5.184430530899999923e+01,-2.872551483100000169e+01,-5.893704275999999709e+01,-3.513997110799999746e+01
4.832412412399999191e+00,-5.759034881699999886e+01,-5.445483228900000228e+01,-2.868887646499999988e+01,-5.818957916099999750e+01,-3.468560511300000115e+01
4.852422422399999213e+00,-5.984355236500000075e+01,-5.066747988400000224e+01,-2.861522454800000048e+01,-5.659128202699999832e+01,-3.492389909500000300e+01
4.872432432399999236e+00,-6.139886092399999740e+01,-6.108557729200000352e+01,-2.820707364100000092e+01,-5.755285723899999795e+01,-3.497913478899999973e+01
4.892442442399999258e+00,-5.740951427299999921e+01,-5.733207243500000061e+01,-2.818218236399999910e+01,-6.121297073299999880e+01,-3.544557627100000019e+01
4.912452452500000177e+00,-5.401288326099999892e+01,-4.883966017400000226e+01,-2.831216488100000106e+01,-6.112502203700000081e+01,-3.548503076400000111e+01
4.932462462500000200e+00,-5.223249792800000080e+01,-4.564528527000000224e+01,-2.848708729999999889e+01,-6.202500821000000286e+01,-3.473640820199999979e+01
4.952472472500000222e+00,-5.198643274100000156e+01,-4.987112523100000061e+01,-2.845886127500000029e+01,-5.710512555900000109e+01,-3.472393404299999986e+01
4.972482482500000245e+00,-5.002075536200000272e+01,-4.546270832500000125e+01,-2.871951324400000161e+01,-5.618381490099999809e+01,-3.446276734500000316e+01
4.992492492500000267e+00,-5.502356742100000275e+01,-4.475094621699999919e+01,-2.858896372999999969e+01,-6.647919236699999601e+01,-3.457637622400000055e+01
5.012502502500000290e+00,-4.900382595300000332e+01,-4.446390455200000247e+01,-2.864198346899999947e+01,-6.175273089000000226e+01,-3.425199080800000218e+01
5.032512512500000312e+00,-5.387178436500000345e+01,-4.753049869000000172e+01,-2.876710742699999912e+01,-6.185411899700000049e+01,-3.400117133399999858e+01
5.052522522500000335e+00,-4.846146032699999751e+01,-4.560180289499999873e+01,-2.919939595399999988e+01,-6.571020622999999716e+01,-3.395258841399999739e+01
5.072532532500000357e+00,-5.095068459699999863e+01,-4.790434171700000121e+01,-2.888347057100000015e+01,-6.200525600200000298e+01,-3.413935303400000265e+01
5.092542542500000380e+00,-5.129130962600000032e+01,-5.172591623699999985e+01,-2.974886552099999903e+01,-5.146988775900000235e+01,-3.404916176799999761e+01
5.112552552600000411e+00,-4.650050732100000062e+01,-4.720078462899999749e+01,-3.040285728399999954e+01,-5.853570808799999980e+01,-3.381374777900000339e+01
5.132562562600000433e+00,-4.889654556100000349e+01,-4.438936631199999994e+01,-3.064124531599999912e+01,-5.779261154400000322e+01,-3.459007230400000310e+01
5.152572572600000456e+00,-4.476229637499999825e+01,-4.569519346700000284e+01,-3.047341583100000051e+01,-5.472937508199999712e+01,-3.482420626999999769e+01
5.172582582600000478e+00,-4.914493860999999697e+01,-4.998100203199999925e+01,-3.117802855800000117e+01,-6.004736145700000094e+01,-3.499992180699999977e+01
5.192592592600000501e+00,-4.495064716200000277e+01,-4.946380823100000157e+01,-3.177816824800000006e+01,-6.519048385899999687e+01,-3.482288183800000070e+01
5.212602602600000523e+00,-4.818728861799999663e+01,-4.757575839100000081e+01,-3.182054917399999994e+01,-6.321378658500000114e+01,-3.521302733299999943e+01
5.232612612600000546e+00,-4.726035861599999777e+01,-4.473576686199999841e+01,-3.119259280300000015e+01,-5.886536074699999688e+01,-3.488113562699999903e+01
5.252622622600000568e+00,-4.856453711399999662e+01,-5.412771177500000164e+01,-3.208345112599999993e+01,-5.128914109800000176e+01,-3.507804739299999852e+01
5.272632632600000591e+00,-4.564101739699999882e+01,-5.129839037800000057e+01,-3.299225405300000347e+01,-6.171985964600000329e+01,-3.459366096699999815e+01
5.292642642600000613e+00,-4.445159739900000062e+01,-4.718041208000000353e+01,-3.333126536900000048e+01,-6.225385502400000348e+01,-3.409869116499999819e+01
5.312652652699999756e+00,-4.352040784700000131e+01,-4.587336016500000113e+01,-3.429196872200000001e+01,-5.140081236399999653e+01,-3.491015713200000192e+01
5.332662662699999778e+00,-4.336715523899999880e+01,-4.606233979799999645e+01,-3.380265310000000056e+01,-5.438697372499999716e+01,-3.355314566599999893e+01
5.352672672699999801e+00,-4.422253758299999760e+01,-4.747581347999999934e+01,-3.335745797399999901e+01,-5.387752294900000294e+01,-3.359384188599999987e+01
5.372682682699999823e+00,-4.304072736799999888e+01,-4.582215997000000129e+01,-3.345715249399999891e+01,-6.148153926999999896e+01,-3.259279775499999943e+01
5.392692692699999846e+00,-4.533087581699999902e+01,-4.491380096599999661e+01,-3.468907604399999656e+01,-5.871888977399999732e+01,-3.134609179799999978e+01
5.412702702699999868e+00,-4.432534258100000102e+01,-5.999177975100000282e+01,-3.404048687299999898e+01,-6.461099902099999781e+01,-3.050503329300000033e+01
5.432712712699999891e+00,-4.089954945899999927e+01,-4.442441008899999844e+01,-3.370581617700000265e+01,-6.359313380100000046e+01,-2.956281496400000108e+01
5.452722722699999913e+00,-4.183354027200000047e+01,-4.917654768999999959e+01,-3.494272116300000164e+01,-5.941399191899999721e+01,-2.952808720699999867e+01
5.472732732699999936e+00,-4.349182353399999812e+01,-5.376348365599999823e+01,-3.517762067299999984e+01,-5.827452160800000058e+01,-2.888634536100000005e+01
5.492742742699999958e+00,-4.263820152200000280e+01,-4.447405715800000081e+01,-3.515829600899999718e+01,-5.743603852399999710e+01,-2.852661820799999859e+01
5.512752752799999989e+00,-4.472339073799999909e+01,-5.529397869999999671e+01,-3.466888401500000327e+01,-5.536851617800000014e+01,-2.849012135699999959e+01
5.532762762800000012e+00,-4.351213431200000059e+01,-4.748385303799999946e+01,-3.477231557999999723e+01,-5.499998460300000147e+01,-2.799322193200000086e+01
5.552772772800000034e+00,-4.489523983499999815e+01,-5.038058229199999971e+01,-3.537143904799999916e+01,-5.167139996600000273e+01,-2.740928635899999932e+01
5.572782782800000057e+00,-4.486394224299999678e+01,-4.448163834900000069e+01,-3.526200403699999697e+01,-7.000726265900000556e+01,-2.768500748099999953e+01
5.592792792800000079e+00,-4.540322750600000035e+01,-4.776659836000000325e+01,-3.584153734000000213e+01,-5.927650651100000090e+01,-2.807438692699999905e+01
5.612802802800000102e+00,-4.337726864500000090e+01,-4.410964811299999866e+01,-3.668155942700000338e+01,-5.324970682200000027e+01,-2.803036205600000130e+01
5.632812812800000124e+00,-4.296796873400000294e+01,-4.852227956600000169e+01,-3.688242023000000103e+01,-5.440972462700000278e+01,-2.814993296999999828e+01
5.652822822800000147e+00,-4.464856866600000274e+01,-5.445845430899999684e+01,-3.702295923300000169e+01,-4.954364189100000004e+01,-2.869556706499999876e+01
5.672832832800000169e+00,-4.610149588000000165e+01,-5.176729838699999675e+01,-3.827685987600000317e+01,-5.550313843699999694e+01,-2.899457849499999895e+01
5.692842842800000192e+00,-5.366825452500000182e+01,-5.220832261700000032e+01,-3.826223161699999764e+01,-4.893076848700000170e+01,-2.900485703000000015e+01
5.712852852899999334e+00,-4.873829622000000228e+01,-4.614012567500000017e+01,-3.874793467599999985e+01,-4.767675146900000271e+01,-2.961347958300000016e+01
5.732862862899999357e+00,-4.556315458499999949e+01,-4.689211695699999893e+01,-3.925550819099999700e+01,-6.534939348499999312e+01,-3.030918082399999847e+01
5.752872872899999379e+00,-5.020920818199999758e+01,-4.896905386800000315e+01,-3.995901960300000155e+01,-6.712437616799999773e+01,-3.159852526399999917e+01
5.772882882899999402e+00,-4.623236716200000274e+01,-5.384855197099999913e+01,-3.971445805500000148e+01,-5.250146482800000314e+01,-3.092803862799999948e+01
5.792892892899999424e+00,-5.206683661400000318e+01,-5.007185396999999938e+01,-4.053916459999999944e+01,-6.945596993300000577e+01,-3.215450395599999922e+01
5.812902902899999447e+00,-4.500592786699999692e+01,-5.040195356099999913e+01,-4.032040688699999720e+01,-6.316911132500000292e+01,-3.167208151699999874e+01
5.832912912899999469e+00,-5.780802491400000065e+01,-5.129167664399999893e+01,-4.098231516100000249e+01,-5.382202300400000183e+01,-3.208572508099999965e+01
5.852922922899999492e+00,-4.916462549799999948e+01,-4.643935861100000295e+01,-4.068286386900000196e+01,-5.242908283199999886e+01,-3.277538156699999661e+01
5.872932932899999514e+00,-4.612056009500000187e+01,-4.458271487700000080e+01,-4.069424471199999971e+01,-4.926115903600000223e+01,-3.282188536599999651e+01
5.892942942899999537e+00,-4.694727169299999758e+01,-5.901084018899999961e+01,-4.157339213000000200e+01,-5.296611567600000114e+01,-3.303302616599999908e+01
5.912952952999999567e+00,-4.776521503899999743e+01,-5.083108700900000088e+01,-4.021864537599999778e+01,-5.181486439799999744e+01,-3.334034966600000160e+01
5.932962962999999590e+00,-4.761294774600000324e+01,-5.233446135999999882e+01,-4.167482584500000087e+01,-5.413813725800000043e+01,-3.346161390299999994e+01
5.952972972999999612e+00,-4.801883200799999685e+01,-5.405136556000000070e+01,-4.060061649899999736e+01,-4.914688126000000068e+01,-3.282024550900000293e+01
5.972982982999999635e+00,-4.694991208500000113e+01,-5.570238155100000199e+01,-4.067560917400000164e+01,-5.144542087199999969e+01,-3.382119343600000150e+01
5.992992992999999657e+00,-4.880583006500000209e+01,-5.503448473899999982e+01,-3.984006485999999825e+01,-6.261694342199999852e+01,-3.444018036500000335e+01
6.013003002999999680e+00,-5.127925619300000193e+01,-6.337717702199999792e+01,-4.031987788099999648e+01,-5.353532093199999764e+01,-3.438087947999999727e+01
6.033013012999999702e+00,-4.604685786400000325e+01,-4.997030854300000158e+01,-4.077039606299999974e+01,-6.261905433100000096e+01,-3.439874935999999650e+01
6.053023022999999725e+00,-5.183691024800000235e+01,-5.797692950900000142e+01,-3.869969096599999858e+01,-5.134151914000000261e+01,-3.479964924800000148e+01
6.073033032999999747e+00,-6.898251842000000522e+01,-4.990388865599999946e+01,-3.972461371699999688e+01,-5.317715199100000234e+01,-3.589786479400000019e+01
6.093043042999999770e+00,-5.451396040000000198e+01,-5.529529697200000271e+01,-3.826466561200000172e+01,-5.252246161699999760e+01,-3.508056681299999724e+01
6.113053053100000689e+00,-7.799943290299999887e+01,-7.154328675700000417e+01,-4.015845541899999915e+01,-5.458114394300000072e+01,-3.431998979299999775e+01
6.133063063100000711e+00,-5.535092553399999815e+01,-5.706908616300000148e+01,-3.822037595199999771e+01,-5.281020492999999760e+01,-3.433695280399999916e+01
6.153073073100000734e+00,-6.429542039800000452e+01,-5.976078786899999784e+01,-3.742907431500000115e+01,-5.627643538299999904e+01,-3.346109581000000333e+01
6.173083083100000756e+00,-5.538476539799999898e+01,-4.957940683399999671e+01,-3.794968513799999954e+01,-4.765681607399999820e+01,-3.439333293600000019e+01
6.193093093100000779e+00,-5.531416928699999858e+01,-5.591409513899999695e+01,-3.714809974799999992e+01,-5.094181877100000122e+01,-3.467027358200000009e+01
6.213103103100000801e+00,-5.037963600700000200e+01,-6.172684707799999870e+01,-3.775950726199999963e+01,-5.506026364699999931e+01,-3.500735347900000249e+01
6.233113113100000824e+00,-4.714229663100000067e+01,-5.133300903199999965e+01,-3.747949142699999925e+01,-5.040886566599999696e+01,-3.548769301200000115e+01
6.253123123099999958e+00,-4.210867118299999845e+01,-4.913809450899999831e+01,-3.838488067200000131e+01,-6.104643860899999908e+01,-3.545785965599999656e+01
6.273133133099999981e+00,-4.671624213399999803e+01,-4.978984239799999756e+01,-3.647715639399999787e+01,-5.123118909400000121e+01,-3.541119361500000196e+01
6.293143143100000003e+00,-4.522117985399999895e+01,-5.581761476199999805e+01,-3.681664618399999966e+01,-5.572781856299999959e+01,-3.388984058399999810e+01
6.313153153200000034e+00,-4.529318465800000126e+01,-4.875204172800000180e+01,-3.599377901999999807e+01,-4.686998620499999646e+01,-3.472527093899999784e+01
6.333163163200000056e+00,-4.368693137900000067e+01,-4.722766650599999849e+01,-3.694402881999999977e+01,-4.826501062599999869e+01,-3.393726514000000094e+01
6.353173173200000079e+00,-4.804840785799999736e+01,-5.143634611600000284e+01,-3.564728162299999781e+01,-4.897952627800000158e+01,-3.602443301800000341e+01
6.373183183200000101e+00,-4.257857627700000336e+01,-4.974578007299999882e+01,-3.633640767899999702e+01,-5.246282669099999652e+01,-3.513626857100000223e+01
6.393193193200000124e+00,-4.215016352300000335e+01,-4.898202914000000163e+01,-3.428413664800000049e+01,-4.911749521400000162e+01,-3.635663083200000045e+01
6.413203203200000146e+00,-4.241773746599999839e+01,-4.412742353299999820e+01,-3.365943251800000269e+01,-4.823709420000000136e+01,-3.617855736900000352e+01
6.433213213200000169e+00,-4.282072230899999710e+01,-5.353090788899999808e+01,-3.316608658300000201e+01,-5.342459375399999999e+01,-3.569097863599999698e+01
6.453223223200000191e+00,-4.181460742499999839e+01,-5.112049467100000300e+01,-3.136703130900000147e+01,-4.621589172499999876e+01,-3.495157538299999800e+01
6.473233233200000214e+00,-4.472166550400000062e+01,-4.837905537399999645e+01,-3.146840960000000109e+01,-4.824316026900000054e+01,-3.474027656100000172e+01
6.493243243200000236e+00,-4.028153460200000069e+01,-5.618729468000000082e+01,-3.081255559999999960e+01,-4.373992905600000114e+01,-3.509479993400000097e+01
6.513253253300000267e+00,-4.072612647700000110e+01,-4.802810161200000039e+01,-2.977318914499999991e+01,-4.708093684800000034e+01,-3.465002162199999702e+01
6.533263263300000290e+00,-3.984773859900000303e+01,-4.735346258199999880e+01,-2.911281525500000100e+01,-4.469171051499999692e+01,-3.434046317199999976e+01
6.553273273300000312e+00,-4.225568983600000195e+01,-4.846506276400000246e+01,-2.852535598800000116e+01,-4.810965116500000249e+01,-3.473620326000000347e+01
6.573283283300000335e+00,-4.019992474899999735e+01,-5.384765863500000194e+01,-2.844328752899999913e+01,-4.185199727799999891e+01,-3.489928461699999929e+01
6.593293293300000357e+00,-4.043426469199999929e+01,-5.459746794899999855e+01,-2.822973510599999969e+01,-4.324408706799999891e+01,-3.592387341399999912e+01
6.613303303300000380e+00,-3.844239392899999785e+01,-6.063496475600000224e+01,-2.768590354000000175e+01,-4.479199410199999676e+01,-3.517344702399999790e+01
6.633313313300000402e+00,-3.892325376299999817e+01,-5.255065058600000327e+01,-2.761316312199999956e+01,-4.298694853300000318e+01,-3.571968415599999958e+01
6.653323323300000425e+00,-4.001232468199999914e+01,-5.122816288700000342e+01,-2.776122056999999899e+01,-4.460329636699999867e+01,-3.649867300199999676e+01
6.673333333300000447e+00,-3.942506672799999734e+01,-5.131333020499999975e+01,-2.808282033300000080e+01,-4.244433320800000331e+01,-3.621014019799999772e+01
6.693343343300000470e+00,-3.896345084899999733e+01,-4.857004265399999809e+01,-2.742363210199999912e+01,-4.196336791000000233e+01,-3.684687919600000328e+01
6.713353353399999612e+00,-3.891451001899999795e+01,-4.847452233300000302e+01,-2.673087177500000067e+01,-4.453587599099999750e+01,-3.924220629199999877e+01
6.733363363399999635e+00,-3.986371091499999864e+01,-4.516421610300000111e+01,-2.700516683500000070e+01,-5.034684010600000192e+01,-4.046053412700000251e+01
6.753373373399999657e+00,-3.803460038400000087e+01,-4.444096286300000287e+01,-2.675120293899999879e+01,-4.355885285800000162e+01,-4.578756476299999889e+01
6.773383383399999680e+00,-4.072728230199999899e+01,-4.628382570699999832e+01,-2.645261625199999855e+01,-4.427490860399999661e+01,-4.768717095200000244e+01
6.793393393399999702e+00,-4.064872301199999782e+01,-4.521166078899999974e+01,-2.643845112900000061e+01,-4.291420277400000316e+01,-5.247645595400000218e+01
6.813403403399999725e+00,-3.995961241199999847e+01,-4.226567379800000168e+01,-2.587365238099999942e+01,-4.321486943200000042e+01,-5.819908654900000045e+01
6.833413413399999747e+00,-3.870799691900000283e+01,-4.434072760800000168e+01,-2.546947768600000117e+01,-4.318934445800000077e+01,-5.849326381200000213e+01
6.853423423399999770e+00,-3.844040165500000228e+01,-4.851113849499999731e+01,-2.556232115699999952e+01,-4.106718126500000210e+01,-4.810996538700000258e+01
6.873433433399999792e+00,-3.792395650099999926e+01,-5.143413025600000310e+01,-2.576798410800000028e+01,-3.930658888800000028e+01,-4.346975819000000030e+01
6.893443443399999815e+00,-3.639455833699999943e+01,-5.549327931300000216e+01,-2.549259290299999847e+01,-4.102719781100000063e+01,-3.835341503200000091e+01
6.913453453499999846e+00,-3.651094879800000115e+01,-5.655874226400000282e+01,-2.542096497700000057e+01,-3.936962588699999799e+01,-3.780388898399999675e+01
6.933463463499999868e+00,-3.681784257099999991e+01,-4.899771691400000151e+01,-2.558114524000000145e+01,-3.740071409499999788e+01,-3.586765901999999784e+01
6.953473473499999891e+00,-3.660708584900000062e+01,-4.700007710999999944e+01,-2.543329739800000056e+01,-3.845044221500000248e+01,-3.632124261100000240e+01
6.973483483499999913e+00,-3.722273981600000070e+01,-4.809218781999999948e+01,-2.554391508499999830e+01,-3.687487229399999933e+01,-3.383309226400000114e+01
6.993493493499999936e+00,-3.666547961999999927e+01,-4.610965899199999996e+01,-2.576177943000000070e+01,-3.581952680799999911e+01,-3.296267642299999778e+01
7.013503503499999958e+00,-3.782757949300000178e+01,-4.637480844400000279e+01,-2.590525356699999904e+01,-3.626450497599999778e+01,-3.202619792000000132e+01
7.033513513499999981e+00,-3.828995801800000010e+01,-4.956390872400000092e+01,-2.536285291800000152e+01,-3.771059038199999947e+01,-3.179063149399999944e+01
7.053523523500000003e+00,-3.812356877999999938e+01,-5.391992932099999791e+01,-2.521147302400000001e+01,-3.655756245399999926e+01,-3.135974462500000115e+01
7.073533533500000026e+00,-4.093437894299999869e+01,-4.612322250100000076e+01,-2.517459317000000141e+01,-3.696836082600000140e+01,-3.086464832500000099e+01
7.093543543500000048e+00,-4.157513147000000231e+01,-4.631300047300000244e+01,-2.502808121099999994e+01,-3.825066660600000290e+01,-3.113262728200000140e+01
7.113553553600000079e+00,-4.167400026100000332e+01,-4.368021592400000230e+01,-2.500542855400000164e+01,-3.734978691100000248e+01,-3.105970927699999962e+01
7.133563563600000101e+00,-4.059901543400000179e+01,-4.783337089900000194e+01,-2.479610805900000159e+01,-3.726705522099999968e+01,-3.123755353800000023e+01
7.153573573600000124e+00,-4.027389612099999994e+01,-4.552912174099999731e+01,-2.490686749400000011e+01,-3.841543661200000059e+01,-3.092895653700000125e+01
7.173583583600000146e+00,-3.830164643100000177e+01,-4.065896397699999909e+01,-2.527224129200000036e+01,-3.740150858199999817e+01,-3.195314124800000144e+01
7.193593593600000169e+00,-3.658046543599999723e+01,-4.270017216000000104e+01,-2.504251665099999968e+01,-3.760216434200000180e+01,-3.211597606400000160e+01
7.213603603600000191e+00,-3.846541414200000020e+01,-4.093541385399999655e+01,-2.529364451300000027e+01,-3.733098035900000156e+01,-3.270281949999999682e+01
7.233613613600000214e+00,-3.485255354699999941e+01,-4.401215581200000315e+01,-2.529170080000000098e+01,-3.800318716200000324e+01,-3.267540284500000070e+01
7.253623623600000236e+00,-3.463429868200000072e+01,-3.848167226700000043e+01,-2.578844093600000065e+01,-3.781227487999999681e+01,-3.386510021499999823e+01
7.273633633600000259e+00,-3.680907857500000091e+01,-4.202976467700000285e+01,-2.581763811100000083e+01,-3.854631523500000156e+01,-3.394112845000000078e+01
7.293643643600000281e+00,-3.396376594600000232e+01,-3.938570606199999702e+01,-2.633492937100000120e+01,-3.797684316600000187e+01,-3.536670141399999778e+01
7.313653653699999424e+00,-3.349024783800000193e+01,-4.095439251999999897e+01,-2.716592005800000109e+01,-3.869173635399999966e+01,-3.588826281400000084e+01
7.333663663699999447e+00,-3.472545057800000023e+01,-4.212156413799999655e+01,-2.735903616599999921e+01,-3.919311763299999996e+01,-3.924277471799999972e+01
7.353673673699999469e+00,-3.367725847900000247e+01,-4.076070467299999933e+01,-2.779986411899999865e+01,-3.840496983100000250e+01,-3.953069458800000291e+01
7.373683683699999492e+00,-3.328789289299999865e+01,-4.360167833199999876e+01,-2.906516207700000010e+01,-3.928687150900000091e+01,-4.268903836900000215e+01
7.393693693699999514e+00,-3.368309116300000028e+01,-4.281646464199999969e+01,-2.966581938099999860e+01,-3.859363270000000057e+01,-4.175379786500000279e+01
7.413703703699999537e+00,-3.419972907500000048e+01,-4.338485436700000264e+01,-2.990176952499999885e+01,-3.913687067899999761e+01,-4.251705572800000255e+01
7.433713713699999559e+00,-3.370383313399999992e+01,-4.809509435799999721e+01,-3.054103403899999947e+01,-4.056841697299999794e+01,-4.139805855000000179e+01
7.453723723699999582e+00,-3.544214838300000281e+01,-4.605133241299999725e+01,-3.166453030199999930e+01,-4.055800114499999864e+01,-4.304198444600000073e+01
7.473733733699999604e+00,-3.621948944500000067e+01,-4.452667319100000043e+01,-3.227964304500000026e+01,-3.952638965900000301e+01,-4.407727170799999783e+01
7.493743743699999627e+00,-3.488243344100000343e+01,-4.671607121200000279e+01,-3.308400473599999714e+01,-4.058823477600000018e+01,-4.164664122599999985e+01
7.513753753800000545e+00,-3.665947202000000260e+01,-4.681568071899999950e+01,-3.246497667700000278e+01,-4.108853544499999799e+01,-4.275384180399999678e+01
7.533763763800000568e+00,-3.742129929200000049e+01,-5.687273296499999731e+01,-3.136003801500000066e+01,-4.115159180799999916e+01,-4.192472384300000243e+01
7.553773773800000590e+00,-3.921253693799999951e+01,-4.705233169800000326e+01,-3.099407527600000023e+01,-3.898155344599999950e+01,-4.224184231299999936e+01
7.573783783800000613e+00,-3.766109706900000020e+01,-4.667560604100000177e+01,-3.095565271599999946e+01,-4.283973661099999930e+01,-4.029924859900000200e+01
7.593793793799999747e+00,-3.755065786699999819e+01,-4.604220815600000094e+01,-3.192505215899999982e+01,-4.212769298799999973e+01,-3.734365387599999764e+01
7.613803803799999770e+00,-3.650381638300000020e+01,-5.375061125900000292e+01,-3.080394518900000023e+01,-4.186116184099999771e+01,-3.764586135700000114e+01
7.633813813799999792e+00,-3.911628382499999645e+01,-4.751394947400000035e+01,-3.076367522700000023e+01,-4.406386941200000251e+01,-3.551735264599999908e+01
7.653823823799999815e+00,-3.714935419100000047e+01,-4.638702833600000019e+01,-3.042679568999999873e+01,-4.853815998200000337e+01,-3.443965574500000315e+01
7.673833833799999837e+00,-3.757465339800000237e+01,-4.773537371199999768e+01,-3.087428244399999855e+01,-4.286222428399999984e+01,-3.284389600400000120e+01
7.693843843799999860e+00,-3.561026562899999703e+01,-4.957189243799999900e+01,-3.035183334299999913e+01,-4.377985754899999904e+01,-3.142257101699999922e+01
7.713853853899999891e+00,-3.535350432199999915e+01,-4.408298853200000167e+01,-3.083911848300000003e+01,-4.414273390799999675e+01,-3.116483227899999875e+01
7.733863863899999913e+00,-3.574518497999999767e+01,-4.494096617200000310e+01,-3.033771588200000124e+01,-4.093146343200000103e+01,-3.039381421899999935e+01
7.753873873899999936e+00,-3.333557432599999970e+01,-4.723956023699999918e+01,-3.096983805900000064e+01,-4.133418101499999864e+01,-2.981282015400000063e+01
7.773883883899999958e+00,-3.393090208400000307e+01,-4.445603159899999923e+01,-3.116583419499999863e+01,-4.131684388800000107e+01,-2.968623214300000157e+01
7.793893893899999981e+00,-3.504325907799999840e+01,-4.424933767200000290e+01,-3.118114294500000128e+01,-4.040106965100000025e+01,-2.846996100899999860e+01
7.813903903900000003e+00,-3.302057528600000325e+01,-4.361205964700000237e+01,-3.126301449800000043e+01,-4.110250206100000270e+01,-2.821635061799999988e+01
7.833913913900000026e+00,-3.404502523699999728e+01,-4.830309420999999759e+01,-3.032818227299999947e+01,-4.105456772899999862e+01,-2.717854942199999968e+01
7.853923923900000048e+00,-3.325871235399999648e+01,-4.604936308799999978e+01,-3.046465677400000160e+01,-3.901281973900000111e+01,-2.663237840700000092e+01
7.873933933899999182e+00,-3.410308691499999867e+01,-4.610240398500000225e+01,-3.108953719300000174e+01,-3.986837548399999775e+01,-2.627855347199999869e+01
7.893943943899999205e+00,-3.477298859100000072e+01,-4.300514387999999855e+01,-3.096335092900000063e+01,-3.783715103800000179e+01,-2.548811315400000055e+01
7.913953954000000124e+00,-3.377630883999999867e+01,-4.949186954500000013e+01,-3.086862832499999953e+01,-3.808836099999999902e+01,-2.537257478200000094e+01
7.933963964000000146e+00,-3.321659479899999923e+01,-4.347896680299999872e+01,-3.159803537999999890e+01,-3.832405563999999742e+01,-2.511592453400000124e+01
7.953973974000000169e+00,-3.362580233900000337e+01,-4.289526038500000027e+01,-3.214455073700000298e+01,-3.739450723400000243e+01,-2.491202753600000008e+01
7.973983984000000191e+00,-3.337345281799999697e+01,-4.168665587099999925e+01,-3.297724156299999976e+01,-3.819903613000000320e+01,-2.446943287099999864e+01
7.993993994000000214e+00,-3.278508690999999686e+01,-4.331199048300000243e+01,-3.259454319099999964e+01,-3.775481674699999957e+01,-2.406856941899999924e+01
8.014004004000000236e+00,-3.304600101300000148e+01,-4.260111378799999926e+01,-3.405676317300000022e+01,-3.753326346200000074e+01,-2.408557541000000057e+01
8.034014014000000259e+00,-3.275243109299999844e+01,-4.147803625000000238e+01,-3.417646751899999913e+01,-3.759594297799999651e+01,-2.410744377700000030e+01
8.054024024000000281e+00,-3.294526545800000150e+01,-4.091014879800000159e+01,-3.483173504199999826e+01,-3.886816376800000228e+01,-2.455055743300000159e+01
8.074034034000000304e+00,-3.265581034099999869e+01,-4.362356526300000326e+01,-3.466388917500000133e+01,-3.801275911999999835e+01,-2.456125349999999941e+01
8.094044044000000326e+00,-3.146319107600000109e+01,-5.274385884499999833e+01,-3.509874794899999983e+01,-3.868484222499999703e+01,-2.487903380299999867e+01
8.114054054100000357e+00,-3.196227360900000036e+01,-3.970440272300000117e+01,-3.451664777300000253e+01,-3.876984550200000257e+01,-2.475242744399999850e+01
8.134064064100000380e+00,-3.202112057699999781e+01,-4.188263259200000022e+01,-3.345286618000000090e+01,-3.815520702300000266e+01,-2.532807700800000106e+01
8.154074074100000402e+00,-3.104364927900000026e+01,-4.112794609200000195e+01,-3.382571921499999945e+01,-4.035718564399999764e+01,-2.526102024000000057e+01
8.174084084100000425e+00,-3.181957003999999856e+01,-3.882363320399999651e+01,-3.330131339399999746e+01,-4.268181203200000340e+01,-2.592986917500000033e+01
8.194094094100000447e+00,-3.115925387400000091e+01,-4.218598701700000220e+01,-3.345279980000000108e+01,-4.011313378100000193e+01,-2.667544997499999937e+01
8.214104104100000470e+00,-3.175485945200000160e+01,-4.479613228600000241e+01,-3.229446935200000013e+01,-4.023567867199999881e+01,-2.691488786100000041e+01
8.234114114100000492e+00,-3.115065945199999931e+01,-4.503260242900000065e+01,-3.129670042500000093e+01,-4.250458686500000027e+01,-2.744067826299999879e+01
8.254124124100000515e+00,-3.098446638100000072e+01,-4.389024647000000101e+01,-3.197900677399999836e+01,-4.327737373800000142e+01,-2.749989715599999940e+01
8.274134134100000537e+00,-3.018431373600000001e+01,-4.933269187399999822e+01,-3.220097818200000006e+01,-4.514250381499999776e+01,-2.786071779399999926e+01
8.294144144100000560e+00,-3.038658617100000114e+01,-5.465510527699999699e+01,-3.156563697400000024e+01,-4.832423194300000091e+01,-2.867685849300000100e+01
8.314154154200000590e+00,-3.009260934099999929e+01,-4.594026412299999862e+01,-3.106902933499999975e+01,-4.996153658400000097e+01,-2.914971732700000118e+01
8.334164164200000613e+00,-3.065962023599999853e+01,-5.908844265300000131e+01,-3.156806550800000011e+01,-7.978913190299999769e+01,-2.962486914600000176e+01
8.354174174200000635e+00,-3.196046810100000002e+01,-4.834500907299999994e+01,-3.236156997900000221e+01,-5.653683900600000101e+01,-3.015123633099999978e+01
8.374184184200000658e+00,-3.161673233899999857e+01,-4.317275791800000206e+01,-3.315590741799999819e+01,-5.778872642900000045e+01,-3.220822902199999760e+01
8.394194194200000680e+00,-3.115304842000000107e+01,-4.327297526400000294e+01,-3.392363466500000158e+01,-4.786034969199999978e+01,-3.168800780000000117e+01
8.414204204199998927e+00,-3.099812251499999860e+01,-4.542168074500000330e+01,-3.599745947699999959e+01,-4.876266528400000055e+01,-3.343659695899999917e+01
8.434214214199998949e+00,-3.053870141100000168e+01,-4.694019915300000179e+01,-3.406291711299999747e+01,-5.516523024300000344e+01,-3.339340576400000060e+01
8.454224224199998972e+00,-3.082160793099999907e+01,-4.502823573500000265e+01,-3.463047689999999790e+01,-4.856702515599999970e+01,-3.583520193799999731e+01
8.474234234199998994e+00,-3.289773094299999912e+01,-5.029041756699999866e+01,-3.504213062499999864e+01,-5.158058533100000176e+01,-3.576954729500000241e+01
8.494244244199999017e+00,-3.290319699399999820e+01,-4.294215936500000197e+01,-3.582106869700000118e+01,-4.848189497700000317e+01,-3.729243297899999732e+01
8.514254254300000824e+00,-3.238396086600000245e+01,-4.439696908199999825e+01,-3.609831537800000234e+01,-4.466261407799999716e+01,-3.567291118200000000e+01
8.534264264300000846e+00,-3.451541861599999805e+01,-4.592652381700000319e+01,-3.515608351499999884e+01,-5.062934973099999780e+01,-3.592847287800000089e+01
8.554274274300000869e+00,-3.706173167299999704e+01,-4.566924396400000319e+01,-3.647252005600000047e+01,-4.510914872200000048e+01,-3.569913801399999898e+01
8.574284284300000891e+00,-3.701933244399999978e+01,-5.508165994000000154e+01,-3.555367077300000034e+01,-4.726976503899999926e+01,-3.777670121700000294e+01
8.594294294299999137e+00,-3.551230497699999944e+01,-5.105199395799999706e+01,-3.583117206899999729e+01,-5.124472857100000311e+01,-3.775633562099999807e+01
8.614304304299999160e+00,-3.782868056899999942e+01,-5.562911233100000175e+01,-3.874251690700000239e+01,-5.029807920100000018e+01,-3.749302260500000017e+01
8.634314314299999182e+00,-3.820035462100000245e+01,-5.382359138199999649e+01,-3.824314385899999991e+01,-4.551646779600000059e+01,-3.714074718599999869e+01
8.654324324299999205e+00,-3.821760124600000097e+01,-5.130223975500000222e+01,-4.012089175900000271e+01,-4.886125262000000191e+01,-3.573931402499999876e+01
8.674334334299999227e+00,-4.292399860700000147e+01,-5.814446567699999946e+01,-3.778595539599999853e+01,-5.060179772400000076e+01,-3.624260113300000086e+01
8.694344344299999250e+00,-3.969130272099999956e+01,-5.413852937200000071e+01,-4.096612318199999692e+01,-4.901247954600000156e+01,-3.582221790199999845e+01
8.714354354399999281e+00,-4.247550075699999894e+01,-4.474344350500000189e+01,-3.951689828399999982e+01,-4.516207167599999650e+01,-3.568696061899999705e+01
8.734364364399999303e+00,-4.054312761599999959e+01,-5.196745868200000018e+01,-4.079201780799999710e+01,-4.508844257799999866e+01,-3.429625949100000071e+01
8.754374374399999326e+00,-4.728078455200000008e+01,-4.139719113599999645e+01,-4.579248488100000003e+01,-5.116442278099999896e+01,-3.426500498099999703e+01
8.774384384399999348e+00,-4.466658780299999876e+01,-6.318028494800000061e+01,-3.965659257200000098e+01,-4.671287206699999928e+01,-3.359392439199999814e+01
8.794394394399999371e+00,-4.483996330699999788e+01,-4.498782584700000342e+01,-3.916206644900000100e+01,-4.552651092800000043e+01,-3.318364341699999898e+01
8.814404404399999393e+00,-4.329052637899999922e+01,-4.286142593400000322e+01,-4.216417664000000087e+01,-4.731759067800000196e+01,-3.218469216999999816e+01
8.834414414399999416e+00,-4.160862179000000083e+01,-4.112886827100000176e+01,-3.836252853799999940e+01,-4.971062019299999690e+01,-3.298120288700000202e+01
8.854424424399999438e+00,-4.031599466400000153e+01,-4.697865575200000166e+01,-4.103102779599999650e+01,-6.385377400699999839e+01,-3.203041762600000197e+01
8.874434434399999461e+00,-4.144241235799999856e+01,-4.413832776200000296e+01,-3.907450697699999864e+01,-4.540954939400000256e+01,-3.268911418500000110e+01
8.894444444399999483e+00,-3.725928435699999852e+01,-4.335102837800000231e+01,-3.864390079399999678e+01,-4.847839839499999925e+01,-3.149782452899999896e+01
8.914454454499999514e+00,-3.893153977600000104e+01,-4.126572955999999692e+01,-3.738219155699999874e+01,-5.596563498900000155e+01,-3.099744468700000155e+01
8.934464464499999536e+00,-3.729101822100000163e+01,-3.823298947600000020e+01,-4.110593043400000113e+01,-4.734521935400000103e+01,-3.084996220100000031e+01
8.954474474499999559e+00,-3.492156646099999762e+01,-4.082879693800000354e+01,-4.002578566999999765e+01,-4.810279495500000024e+01,-2.942301000999999872e+01
8.974484484499999581e+00,-3.404195194599999752e+01,-4.741007299399999653e+01,-3.835584732899999949e+01,-5.715951491300000242e+01,-2.926519787000000150e+01
8.994494494499999604e+00,-3.468937844199999887e+01,-4.138394191999999805e+01,-4.139449001999999922e+01,-6.122796750999999915e+01,-2.921555211400000118e+01
9.014504504499999626e+00,-3.260991580200000328e+01,-4.138857124799999809e+01,-3.960437347900000304e+01,-5.492001006999999646e+01,-2.941702039799999824e+01
9.034514514499999649e+00,-3.379653456199999795e+01,-4.234666365599999693e+01,-4.129400507700000134e+01,-5.508827160300000259e+01,-2.964798316099999909e+01
9.054524524499999671e+00,-3.346192590999999794e+01,-4.471158109600000330e+01,-4.500146304900000160e+01,-5.464579180199999797e+01,-2.893949256000000148e+01
9.074534534499999694e+00,-3.326299381900000185e+01,-3.991319623100000058e+01,-4.106336894300000040e+01,-4.831466585500000122e+01,-2.993188595799999874e+01
9.094544544499999716e+00,-3.293267081300000143e+01,-4.861843242500000173e+01,-4.027527649599999648e+01,-4.412494571399999899e+01,-3.179519926700000099e+01
9.114554554599999747e+00,-3.254909753900000169e+01,-4.228344655800000140e+01,-4.037831933900000081e+01,-5.406876704399999767e+01,-3.089916408599999897e+01
9.134564564599999770e+00,-3.280307060799999874e+01,-4.144553884799999821e+01,-3.960223925100000031e+01,-4.436188751200000269e+01,-3.366524808599999830e+01
9.154574574599999792e+00,-3.412702784399999700e+01,-3.796437098700000234e+01,-3.750170888499999933e+01,-4.552203048399999830e+01,-3.683404493999999829e+01
9.174584584599999815e+00,-3.144811212000000111e+01,-4.628470344299999795e+01,-3.906989443799999862e+01,-4.716555931999999984e+01,-3.693943875099999730e+01
9.194594594599999837e+00,-3.202344491699999907e+01,-4.053685979800000183e+01,-3.762878425099999902e+01,-4.941005838800000305e+01,-3.526561581299999659e+01
9.214604604599999860e+00,-3.232239975600000292e+01,-3.930892826200000201e+01,-3.583861273000000125e+01,-5.128170019200000240e+01,-3.497326787899999800e+01
9.234614614599999882e+00,-3.208704898199999889e+01,-3.994762441700000011e+01,-3.519460887700000029e+01,-6.035036365900000277e+01,-3.186852427399999854e+01
9.254624624599999905e+00,-3.362201862399999897e+01,-4.249222428400000240e+01,-3.622495293299999730e+01,-4.883642250999999845e+01,-3.221872068199999717e+01
9.274634634599999927e+00,-3.176843060399999885e+01,-4.000620373000000285e+01,-3.399499744399999912e+01,-4.751837348299999775e+01,-2.952348823799999877e+01
9.294644644599999950e+00,-3.389460162200000326e+01,-4.111386394800000232e+01,-3.391901335000000017e+01,-5.254982044199999791e+01,-2.990295940600000080e+01
9.314654654699999980e+00,-3.342203392999999778e+01,-4.667308899599999705e+01,-3.401332406400000252e+01,-5.504243503200000021e+01,-2.850379534500000034e+01
9.334664664700000003e+00,-3.657295879000000127e+01,-4.318120179600000341e+01,-3.357750681699999973e+01,-6.188769585099999659e+01,-2.742460532100000137e+01
9.354674674700000025e+00,-3.639979486299999678e+01,-3.917230560299999809e+01,-3.219326147299999974e+01,-5.059766278899999747e+01,-2.715872217100000086e+01
9.374684684700000048e+00,-3.380499634800000308e+01,-4.447354748200000074e+01,-3.555539314399999995e+01,-5.036433524899999981e+01,-2.654720564200000155e+01
9.394694694700000070e+00,-3.540643235800000355e+01,-4.470860203600000204e+01,-3.287676288699999816e+01,-5.934561781699999727e+01,-2.659587784700000057e+01
9.414704704700000093e+00,-3.618415231600000226e+01,-4.398841575400000181e+01,-3.410631422200000173e+01,-5.002417192699999759e+01,-2.686234063099999858e+01
9.434714714700000115e+00,-3.620020305300000274e+01,-4.946889560000000330e+01,-3.462564206599999750e+01,-6.144081249700000313e+01,-2.650844441599999968e+01
9.454724724700000138e+00,-3.851115324399999906e+01,-4.190126721200000048e+01,-3.417716083999999910e+01,-5.488220307800000342e+01,-2.719102592799999840e+01
9.474734734700000161e+00,-4.002045866400000307e+01,-4.538779699900000253e+01,-3.464422829899999812e+01,-4.606882221200000060e+01,-2.783753442200000094e+01
9.494744744700000183e+00,-3.766808094699999998e+01,-4.852491313800000228e+01,-3.584084780500000278e+01,-4.580820965099999853e+01,-2.764259018899999987e+01
9.514754754799998437e+00,-3.957111177200000185e+01,-5.724504447300000010e+01,-3.679610264800000152e+01,-5.535433192400000024e+01,-2.789806534099999880e+01
9.534764764799998460e+00,-3.997440611199999694e+01,-4.814792308999999904e+01,-3.939370078200000336e+01,-5.124806284600000339e+01,-2.905853584799999823e+01
9.554774774799998482e+00,-3.938244688599999677e+01,-4.814832069700000261e+01,-3.852563009699999697e+01,-4.881936412499999989e+01,-2.979464055800000111e+01
9.574784784799998505e+00,-3.975798456999999786e+01,-4.979690117500000213e+01,-3.891884491799999779e+01,-4.749186683100000295e+01,-3.038206055999999933e+01
9.594794794799998527e+00,-3.911497027000000060e+01,-5.466463144200000102e+01,-4.180379413800000066e+01,-5.143259523100000052e+01,-3.110575688500000169e+01
9.614804804799998550e+00,-3.992568885800000089e+01,-5.794528281699999894e+01,-4.457680472100000202e+01,-4.222821297600000179e+01,-3.315771062000000313e+01
9.634814814799998572e+00,-3.663280512499999730e+01,-4.329676490399999977e+01,-4.096322223300000331e+01,-4.730176536100000106e+01,-3.306356877399999661e+01
9.654824824799998595e+00,-3.907021930900000228e+01,-4.999288966200000317e+01,-4.206857120299999764e+01,-5.012523641599999991e+01,-3.263525199000000043e+01
9.674834834799998617e+00,-3.713923265900000104e+01,-4.656389515000000046e+01,-4.875577377500000154e+01,-4.482755217500000100e+01,-3.567242504200000042e+01
9.694844844799998640e+00,-4.083541038999999984e+01,-6.060523797399999779e+01,-4.431472113099999888e+01,-4.893514701200000161e+01,-3.335290842500000252e+01
9.714854854900000447e+00,-3.672970477900000219e+01,-5.149377536800000144e+01,-5.131400728700000258e+01,-4.465976239999999819e+01,-3.229655233399999759e+01
9.734864864900000470e+00,-3.571392559499999919e+01,-4.756258263400000175e+01,-6.129993931100000282e+01,-4.433902380300000345e+01,-3.221473883699999874e+01
9.754874874900000492e+00,-3.873832191999999708e+01,-4.697933793499999666e+01,-5.956447112400000066e+01,-4.150613688600000017e+01,-3.259079369199999832e+01
9.774884884899998738e+00,-4.382869470400000012e+01,-5.134165644499999814e+01,-5.464796091400000222e+01,-4.060266617900000341e+01,-3.251286208399999822e+01
9.794894894899998761e+00,-4.223266804899999727e+01,-5.020686831500000125e+01,-5.568766411000000005e+01,-4.141920879799999966e+01,-3.297941802999999794e+01
9.814904904899998783e+00,-4.775373475899999676e+01,-4.360986377500000089e+01,-5.934822085999999786e+01,-3.949960766800000300e+01,-3.245029007699999823e+01
9.834914914899998806e+00,-4.422981144999999970e+01,-4.386994588299999975e+01,-5.337001802599999678e+01,-3.843224637800000210e+01,-3.100704882000000140e+01
9.854924924899998828e+00,-4.646571650500000317e+01,-3.862679295299999893e+01,-4.382357048400000110e+01,-4.047801868900000244e+01,-3.139990089999999867e+01
9.874934934899998851e+00,-4.612987821899999830e+01,-4.148830833400000273e+01,-4.970670507300000196e+01,-3.824007936200000302e+01,-3.092436647199999911e+01
9.894944944899998873e+00,-4.869916828200000225e+01,-4.479436333600000353e+01,-5.653069880299999994e+01,-3.829714938899999765e+01,-3.156252413200000007e+01
9.914954955000000680e+00,-4.785491932099999701e+01,-5.177525543099999794e+01,-4.202351774600000311e+01,-3.962706766699999861e+01,-3.068315193200000124e+01
9.934964965000000703e+00,-5.354653341000000211e+01,-4.231786919399999647e+01,-3.883168828600000211e+01,-3.808681500099999795e+01,-3.074707417400000153e+01
9.954974975000000725e+00,-4.542594741700000327e+01,-4.509232515899999783e+01,-4.563556574500000096e+01,-3.885128209900000229e+01,-3.220820935799999774e+01
9.974984985000000748e+00,-4.283069895199999877e+01,-6.179734729399999793e+01,-3.494935490700000003e+01,-3.592586245900000108e+01,-3.054965050899999923e+01
9.994994995000000770e+00,-4.683016988400000002e+01,-4.266563798899999682e+01,-3.751089163999999698e+01,-4.010612050000000295e+01,-3.204206343700000303e+01
1.001500500500000079e+01,-4.197143648499999813e+01,-4.676222457699999779e+01,-3.633194686299999887e+01,-3.764059061100000037e+01,-3.432518144499999835e+01
1.003501501500000082e+01,-4.402716798400000187e+01,-4.323070153100000113e+01,-3.640108142700000116e+01,-3.482627620299999904e+01,-3.228784487499999756e+01
1.005502502500000084e+01,-5.522394766099999686e+01,-4.515757252000000221e+01,-3.785816403100000116e+01,-3.597578297599999786e+01,-3.272704578399999775e+01
1.007503503500000086e+01,-4.987121731399999902e+01,-3.998399659799999739e+01,-3.712665730399999831e+01,-3.512148567100000207e+01,-3.517594516500000168e+01
1.009504504500000088e+01,-3.930169984700000185e+01,-4.358872960200000080e+01,-3.697392854699999987e+01,-3.533504697200000066e+01,-3.471968351400000330e+01
1.011505505499999913e+01,-4.107822202700000247e+01,-4.349357833700000242e+01,-3.557910294100000215e+01,-3.670783956700000061e+01,-3.766574650599999785e+01
1.013506506499999915e+01,-4.112719229000000354e+01,-4.773284132100000221e+01,-3.698696167300000326e+01,-3.492208861600000347e+01,-3.698774304799999868e+01
1.015507507499999917e+01,-3.789358993900000172e+01,-4.924920475999999780e+01,-3.878168776500000092e+01,-3.332338725399999646e+01,-3.987734657099999680e+01
1.017508508499999920e+01,-3.992673595600000169e+01,-5.230817732199999881e+01,-3.551229909500000304e+01,-3.780154581299999705e+01,-3.930918346299999655e+01
1.019509509499999922e+01,-3.660190373599999702e+01,-5.075315027799999967e+01,-3.557665609200000034e+01,-3.461128509200000281e+01,-3.660891772299999758e+01
1.021510510499999924e+01,-3.877770682900000310e+01,-4.357051578099999745e+01,-3.955973564199999970e+01,-3.552105325499999822e+01,-3.929532556200000215e+01
1.023511511499999926e+01,-3.490817196799999778e+01,-4.245796066300000149e+01,-3.872953504800000246e+01,-3.532489684600000146e+01,-3.765553546200000312e+01
1.025512512499999929e+01,-3.553652518999999899e+01,-4.769908215499999926e+01,-4.196098683099999960e+01,-3.441470773999999722e+01,-3.923176185399999838e+01
1.027513513499999931e+01,-3.625084150400000027e+01,-4.156600483599999762e+01,-3.740551501299999870e+01,-3.605117421199999939e+01,-3.712082220799999988e+01
1.029514514499999933e+01,-3.532393582200000282e+01,-3.958142531299999689e+01,-3.974392985600000117e+01,-3.381668200600000063e+01,-3.644437878299999767e+01
1.031515515499999935e+01,-3.438958558499999896e+01,-3.917249003399999907e+01,-3.728842279700000262e+01,-3.272241579899999664e+01,-3.519003805100000193e+01
1.033516516499999938e+01,-3.538633006599999931e+01,-4.173067196899999942e+01,-4.146883906200000069e+01,-3.318531397600000332e+01,-3.319415356500000058e+01
1.035517517499999940e+01,-3.854360384600000344e+01,-4.230072009900000296e+01,-3.850677019399999779e+01,-3.341926253100000110e+01,-3.368742966700000352e+01
1.037518518499999942e+01,-3.503540691700000309e+01,-4.010575546700000160e+01,-3.582175826999999657e+01,-3.148009932100000086e+01,-3.626356872499999895e+01
1.039519519499999944e+01,-3.319970691200000346e+01,-4.663886669499999726e+01,-3.677266687000000189e+01,-3.269927320800000103e+01,-3.431974403099999904e+01
1.041520520499999947e+01,-3.573664623799999873e+01,-4.374768482500000033e+01,-3.647492059199999659e+01,-3.297638403399999873e+01,-3.325959545300000286e+01
1.043521521499999949e+01,-3.504133098799999857e+01,-4.199618514200000163e+01,-3.483483469000000099e+01,-3.244317055599999833e+01,-3.304901173700000072e+01
1.045522522499999951e+01,-3.277547641200000328e+01,-4.337043772399999852e+01,-3.987556150999999716e+01,-3.379205247699999859e+01,-3.530189004500000038e+01
1.047523523499999953e+01,-3.490631753899999978e+01,-4.729119847500000162e+01,-3.763752232600000269e+01,-3.040288104300000072e+01,-3.230300141699999728e+01
1.049524524499999956e+01,-3.313073189499999671e+01,-4.279584437300000133e+01,-4.129101101399999862e+01,-3.362717175899999944e+01,-3.456845879800000176e+01
1.051525525499999958e+01,-3.428051164499999715e+01,-5.149984745799999786e+01,-3.787451109500000257e+01,-3.177938798499999962e+01,-3.367708189799999730e+01
1.053526526499999960e+01,-3.454276194399999866e+01,-4.592625233700000109e+01,-3.824835073900000282e+01,-3.164187305900000169e+01,-3.550719627600000194e+01
1.055527527499999962e+01,-3.235608037299999751e+01,-4.474171355000000005e+01,-4.141101317599999732e+01,-3.305744085399999932e+01,-3.526512564299999752e+01
1.057528528499999965e+01,-3.269300554899999867e+01,-5.251441156399999954e+01,-4.383234412800000257e+01,-3.347190574300000065e+01,-3.564436955400000073e+01
1.059529529499999967e+01,-3.588786206900000053e+01,-4.401035886500000061e+01,-4.212978631800000073e+01,-3.176005520700000062e+01,-3.526389219200000014e+01
1.061530530499999969e+01,-3.468155516099999858e+01,-3.932313495100000011e+01,-5.122160925600000070e+01,-3.364432557199999962e+01,-3.896868063499999835e+01
1.063531531499999971e+01,-3.278308697300000318e+01,-4.866048235800000299e+01,-3.844433631100000071e+01,-3.309204041999999646e+01,-4.515651703099999992e+01
1.065532532499999974e+01,-3.298992205999999783e+01,-4.321806305399999815e+01,-4.605951454499999898e+01,-3.244015668200000135e+01,-4.125791330599999895e+01
1.067533533499999976e+01,-2.923856902900000065e+01,-4.731494315199999789e+01,-5.103903013200000061e+01,-3.365504323199999703e+01,-4.597231453599999895e+01
1.069534534499999978e+01,-2.962927136100000070e+01,-4.297985647099999795e+01,-4.822441924799999668e+01,-3.305657725300000038e+01,-4.819178263799999939e+01
1.071535535499999980e+01,-2.854190472200000173e+01,-4.040780650600000001e+01,-4.477490860199999645e+01,-3.084571522899999962e+01,-4.233336832999999899e+01
1.073536536499999983e+01,-3.143886866400000102e+01,-5.199758801200000136e+01,-4.320467466400000234e+01,-3.611540502399999752e+01,-4.366487675300000149e+01
1.075537537499999985e+01,-3.112089691899999977e+01,-4.225928804499999814e+01,-4.613531361199999736e+01,-3.112083474299999963e+01,-3.936221784399999990e+01
1.077538538499999987e+01,-3.285936841499999872e+01,-4.117948706600000008e+01,-4.279805562500000349e+01,-3.063455095999999855e+01,-4.039613667100000072e+01
1.079539539499999989e+01,-3.196082692599999930e+01,-4.259957436500000227e+01,-4.185850848100000121e+01,-3.088912182600000023e+01,-3.704087235400000111e+01
1.081540540499999992e+01,-2.999578165999999868e+01,-4.063153164300000242e+01,-4.250532459299999744e+01,-3.041961490699999970e+01,-3.840180991599999771e+01
1.083541541499999994e+01,-3.065919253299999880e+01,-5.029846272799999696e+01,-3.559371582499999676e+01,-2.990297292200000001e+01,-3.961746181299999847e+01
1.085542542499999996e+01,-3.162952625799999851e+01,-4.641065640400000092e+01,-4.159189176600000337e+01,-2.901047985399999973e+01,-3.529593877199999952e+01
1.087543543499999998e+01,-3.081734607599999975e+01,-4.186864795700000030e+01,-3.898617208099999942e+01,-2.823918759200000039e+01,-3.579058351199999777e+01
1.089544544500000001e+01,-3.029329316100000113e+01,-4.157199271199999657e+01,-3.779490050900000142e+01,-2.817940185000000142e+01,-3.742523787100000021e+01
1.091545545500000003e+01,-2.905637848199999951e+01,-4.570749845699999980e+01,-3.976025569099999757e+01,-2.990994998900000112e+01,-3.519540460300000007e+01
1.093546546500000005e+01,-3.054835608200000152e+01,-3.811441630299999872e+01,-4.183856860600000260e+01,-2.743942760499999878e+01,-3.462481718000000086e+01
1.095547547500000007e+01,-3.099841675900000126e+01,-4.319680752400000046e+01,-3.597106640100000163e+01,-2.943193965000000034e+01,-3.328916336099999995e+01
1.097548548500000010e+01,-3.260674009200000256e+01,-3.837463680399999788e+01,-4.014465757300000348e+01,-2.831716319999999953e+01,-3.675368155599999653e+01
1.099549549500000012e+01,-3.065732197099999823e+01,-3.973732849499999986e+01,-3.567044971899999695e+01,-2.822026565299999845e+01,-3.281281295600000192e+01
1.101550550600000022e+01,-3.350857527299999816e+01,-4.155782242699999784e+01,-3.741801505099999758e+01,-2.935911148799999992e+01,-3.313065773400000325e+01
1.103551551600000025e+01,-3.377407550800000280e+01,-4.977089818099999974e+01,-3.812370906200000320e+01,-2.879697676400000006e+01,-3.417920622900000183e+01
1.105552552600000027e+01,-3.697719454799999994e+01,-4.008987063400000039e+01,-3.602980792200000337e+01,-2.824093970599999892e+01,-3.499174459999999698e+01
1.107553553600000029e+01,-3.395410234900000290e+01,-4.730535971500000159e+01,-3.871056573199999917e+01,-3.013409783299999845e+01,-3.339786976399999929e+01
1.109554554600000031e+01,-3.069086629499999930e+01,-3.637625392900000065e+01,-3.501814505299999780e+01,-2.937016463000000144e+01,-3.132692474999999988e+01
1.111555555600000034e+01,-3.148041262099999926e+01,-3.488653078499999793e+01,-3.768310227399999945e+01,-2.927436294199999978e+01,-3.088934964599999944e+01
1.113556556600000036e+01,-3.192856988999999857e+01,-3.942393798700000218e+01,-3.632405426700000106e+01,-2.978723142300000148e+01,-3.142538277599999930e+01
1.115557557600000038e+01,-3.161794508499999878e+01,-4.191509588299999933e+01,-3.343590881000000081e+01,-2.993273594300000084e+01,-3.113707451200000165e+01
1.117558558600000040e+01,-2.892581578200000081e+01,-3.891736936600000263e+01,-3.269308499400000301e+01,-3.159829218899999859e+01,-2.922640151199999892e+01
1.119559559600000043e+01,-3.092965990500000117e+01,-3.633871019800000113e+01,-3.443315434800000219e+01,-3.095409862900000064e+01,-3.021853299500000034e+01
1.121560560600000045e+01,-3.253363425199999881e+01,-3.934336205000000319e+01,-3.280686717999999757e+01,-3.295569157599999954e+01,-3.119262015400000010e+01
1.123561561600000047e+01,-3.396977213099999915e+01,-3.701655336500000004e+01,-3.008529872700000141e+01,-3.214359072500000281e+01,-3.222355023099999727e+01
1.125562562600000049e+01,-3.020917432699999949e+01,-3.357025851200000233e+01,-2.989508979500000052e+01,-3.197062186300000164e+01,-3.254594618600000189e+01
1.127563563600000052e+01,-3.149764936100000057e+01,-3.732702025500000076e+01,-3.267677196700000053e+01,-3.278973729199999809e+01,-3.308475940400000326e+01
1.129564564600000054e+01,-2.949444179600000027e+01,-3.791300424199999952e+01,-2.923727156100000002e+01,-3.329134728799999721e+01,-3.256364249399999977e+01
1.131565565600000056e+01,-2.833373228900000029e+01,-3.601276388600000189e+01,-3.149697381800000073e+01,-3.194329674999999824e+01,-3.293359782499999966e+01
1.133566566600000058e+01,-2.894051341300000146e+01,-3.322724564399999991e+01,-3.052005481799999842e+01,-3.194477623399999899e+01,-3.376948661600000179e+01
1.135567567600000061e+01,-3.101811151400000099e+01,-3.647197456499999646e+01,-3.026338322999999875e+01,-2.940666781199999846e+01,-3.397361954200000156e+01
1.137568568600000063e+01,-2.922673499800000130e+01,-3.422021485100000149e+01,-3.040181737800000050e+01,-2.988930822600000070e+01,-3.145958655900000167e+01
1.139569569600000065e+01,-2.756601319199999978e+01,-3.440491185199999791e+01,-3.227097615800000341e+01,-2.874445178099999865e+01,-3.056760356099999854e+01
1.141570570600000067e+01,-2.856089832900000047e+01,-3.154696303800000123e+01,-2.869476966199999879e+01,-2.848883126400000165e+01,-3.156157205199999893e+01
1.143571571600000070e+01,-2.758682148000000112e+01,-3.231554095500000301e+01,-3.154668838099999917e+01,-2.931254788200000050e+01,-3.088855078499999962e+01
1.145572572600000072e+01,-3.006770474600000043e+01,-3.608934963299999765e+01,-3.326309190300000296e+01,-2.764094840299999944e+01,-2.993701041199999935e+01
1.147573573600000074e+01,-2.858675506100000163e+01,-3.755658758799999930e+01,-3.118144444800000059e+01,-2.623592078100000080e+01,-3.040599547700000116e+01
1.149574574600000076e+01,-2.954021199900000028e+01,-3.335046491300000326e+01,-3.382868075799999730e+01,-2.758825635000000176e+01,-3.023872239299999976e+01
1.151575575600000079e+01,-2.796779739999999848e+01,-3.357337720799999659e+01,-3.468248445799999757e+01,-2.561135879500000101e+01,-3.075106152800000103e+01
1.153576576600000081e+01,-3.115340134299999875e+01,-4.035884742799999714e+01,-3.210743983700000115e+01,-2.660265525799999864e+01,-3.127229296499999833e+01
1.155577577600000083e+01,-3.088674530999999845e+01,-3.707685919499999727e+01,-3.444913434600000102e+01,-2.610222390999999931e+01,-2.953806463300000118e+01
1.157578578600000085e+01,-3.101072601999999989e+01,-3.030187989899999934e+01,-3.450162105199999729e+01,-2.653777713499999891e+01,-2.871625901599999864e+01
1.159579579600000088e+01,-3.368421582399999892e+01,-3.586283373100000205e+01,-3.484333005300000252e+01,-2.576113894699999918e+01,-3.161506686799999954e+01
1.161580580599999912e+01,-3.171262477200000163e+01,-3.753295762199999785e+01,-3.847956296800000331e+01,-2.611531902999999843e+01,-3.245978410400000058e+01
1.163581581599999915e+01,-3.404024866599999655e+01,-3.661805711400000263e+01,-3.658046184900000242e+01,-2.545562884099999934e+01,-3.459325167099999732e+01
1.165582582599999917e+01,-3.434813038299999732e+01,-3.554245416500000232e+01,-3.495469648600000312e+01,-2.678339896499999995e+01,-3.275534164900000178e+01
1.167583583599999919e+01,-3.273177175800000072e+01,-3.691071748800000307e+01,-3.471716979100000344e+01,-2.686241861799999953e+01,-3.580514388900000000e+01
1.169584584599999921e+01,-3.361592107700000298e+01,-4.302131967100000054e+01,-4.354656004999999652e+01,-2.746604725099999911e+01,-3.418070808099999880e+01
1.171585585599999924e+01,-3.142190993999999904e+01,-3.800458596000000000e+01,-4.136596851899999905e+01,-2.795376250200000001e+01,-3.651823051600000269e+01
1.173586586599999926e+01,-2.822701951899999884e+01,-3.284320700100000323e+01,-4.724121048100000309e+01,-2.790933336299999823e+01,-3.533460434999999933e+01
1.175587587599999928e+01,-3.133374053800000070e+01,-4.413079715399999969e+01,-5.334112667600000179e+01,-2.669589337500000070e+01,-4.048153374999999699e+01
1.177588588599999930e+01,-3.274841421600000047e+01,-4.142921942899999976e+01,-3.718971345599999978e+01,-2.719294257500000001e+01,-4.102927243500000287e+01
1.179589589599999933e+01,-3.029866408799999888e+01,-3.550290973700000308e+01,-4.260951070800000196e+01,-2.660462716600000022e+01,-3.903670163999999687e+01
1.181590590599999935e+01,-3.606231820499999685e+01,-4.204424022900000324e+01,-5.363905384000000254e+01,-2.840341499999999897e+01,-3.904502727399999884e+01
1.183591591599999937e+01,-3.506616263400000122e+01,-3.298009657299999731e+01,-4.599932424699999700e+01,-2.728719089200000170e+01,-3.724563395599999893e+01
1.185592592599999939e+01,-2.732617453599999990e+01,-4.388932930499999685e+01,-4.331926769799999732e+01,-2.637202386799999942e+01,-3.635473332200000129e+01
1.187593593599999942e+01,-3.136584032100000030e+01,-3.367653494300000006e+01,-4.529562053499999763e+01,-2.896529438399999989e+01,-3.780903558499999662e+01
1.189594594599999944e+01,-3.352294458000000077e+01,-4.212856093900000332e+01,-5.492592326999999841e+01,-2.708672480899999968e+01,-3.640709557999999646e+01
1.191595595599999946e+01,-2.991740228900000176e+01,-5.162336077399999823e+01,-5.197073230800000232e+01,-2.726266197400000024e+01,-3.790637385699999840e+01
1.193596596599999948e+01,-3.854451269500000166e+01,-3.584026376900000344e+01,-4.641883346099999841e+01,-2.789986598500000170e+01,-3.695915198000000146e+01
1.195597597599999951e+01,-3.273814298599999972e+01,-4.926285835499999877e+01,-4.827678161200000062e+01,-2.578356395300000159e+01,-3.651400920199999689e+01
1.197598598599999953e+01,-3.799654083099999724e+01,-3.544332219000000350e+01,-4.436345567299999715e+01,-2.655407591699999870e+01,-3.573349740199999758e+01
1.199599599599999955e+01,-3.595273669200000199e+01,-3.267157461600000090e+01,-5.159977372099999826e+01,-2.737485734399999870e+01,-3.377653673799999723e+01
1.201600600599999957e+01,-4.175096272599999736e+01,-4.860842939399999807e+01,-5.178948991899999754e+01,-2.525117540999999832e+01,-3.202715164800000025e+01
1.203601601599999960e+01,-3.265156211000000042e+01,-4.139275665899999979e+01,-4.256258148799999930e+01,-2.619684882399999992e+01,-4.224300207000000285e+01
1.205602602599999962e+01,-3.387568334200000209e+01,-3.964101576699999896e+01,-4.149504576799999711e+01,-2.459712082800000132e+01,-3.466070258399999915e+01
1.207603603599999964e+01,-3.717857167100000026e+01,-4.409875607200000047e+01,-3.707161035699999729e+01,-2.468098543199999995e+01,-3.202926449800000341e+01
1.209604604599999966e+01,-4.043262549899999669e+01,-5.772476810799999924e+01,-3.744877601400000344e+01,-2.644405261900000070e+01,-3.386814023800000228e+01
1.211605605599999969e+01,-3.261087606000000250e+01,-5.079147023600000210e+01,-3.312262246200000249e+01,-2.661099154700000113e+01,-3.375745175099999784e+01
1.213606606599999971e+01,-2.924798654800000008e+01,-3.649736915500000123e+01,-3.483701584599999990e+01,-2.675149396899999843e+01,-3.380208665499999654e+01
1.215607607599999973e+01,-3.118717977600000069e+01,-4.298534297399999815e+01,-3.429900530199999764e+01,-2.627300755399999943e+01,-3.286084251700000181e+01
1.217608608599999975e+01,-3.478653764700000295e+01,-3.805870395400000206e+01,-3.861449077500000016e+01,-2.625362503899999922e+01,-3.414942880099999911e+01
1.219609609599999978e+01,-3.425626996300000116e+01,-3.521475640999999968e+01,-3.361168961300000291e+01,-2.544304969199999888e+01,-3.284497860799999813e+01
1.221610610599999980e+01,-3.376559360499999940e+01,-4.638849033500000019e+01,-3.502979957600000205e+01,-2.752901106799999909e+01,-3.149788493899999864e+01
1.223611611599999982e+01,-3.369943150099999940e+01,-4.241138321999999761e+01,-3.130747134599999981e+01,-2.696494059899999840e+01,-3.563302498499999871e+01
1.225612612599999984e+01,-3.328707837200000341e+01,-3.845993396000000075e+01,-3.307362237099999902e+01,-2.746435680500000132e+01,-3.189691865400000026e+01
1.227613613599999987e+01,-2.906530549300000033e+01,-4.268967453300000159e+01,-3.722300847999999718e+01,-2.953195270999999877e+01,-3.805593058000000184e+01
1.229614614599999989e+01,-3.274931279300000142e+01,-3.918384198799999751e+01,-3.589174841500000213e+01,-2.806023707700000003e+01,-3.779452697699999675e+01
1.231615615599999991e+01,-3.441910476700000032e+01,-3.721681426800000025e+01,-3.550081753399999940e+01,-2.807986535199999878e+01,-4.015727858300000008e+01
1.233616616599999993e+01,-3.265950247399999995e+01,-5.103613584499999689e+01,-3.505477108000000186e+01,-3.029344365500000080e+01,-3.245301142099999936e+01
1.235617617599999996e+01,-3.420349624499999663e+01,-3.151180244400000063e+01,-3.887666014300000228e+01,-2.973176500699999991e+01,-4.275134234600000127e+01
1.237618618599999998e+01,-3.250005688899999967e+01,-4.834501914999999883e+01,-3.724572243800000138e+01,-2.851767949299999927e+01,-3.711472113199999967e+01
1.239619619600000000e+01,-3.579041926099999671e+01,-3.428505481199999849e+01,-3.471762627100000032e+01,-2.902119724599999984e+01,-3.999275214299999703e+01
1.241620620600000002e+01,-3.665657910400000219e+01,-4.051422233699999964e+01,-3.760358108999999871e+01,-2.702747301300000160e+01,-4.195650583100000119e+01
1.243621621600000005e+01,-3.897409896300000298e+01,-3.623876894800000059e+01,-3.845216475299999814e+01,-3.004521232700000155e+01,-4.771478635199999729e+01
1.245622622600000007e+01,-3.470577101199999959e+01,-3.547634543000000207e+01,-5.084410504800000297e+01,-3.078157078599999963e+01,-4.854455249400000127e+01
1.247623623600000009e+01,-3.127041490099999876e+01,-3.682532011199999999e+01,-3.862853893300000152e+01,-2.991420689899999985e+01,-4.385375809100000311e+01
1.249624624600000011e+01,-3.109969776599999847e+01,-4.080897875299999811e+01,-4.168362402599999683e+01,-2.852988527899999838e+01,-4.498465035699999959e+01
1.251625625600000014e+01,-3.196832575999999904e+01,-5.234663268199999919e+01,-3.738707356999999831e+01,-2.778791625299999879e+01,-5.688123968099999672e+01
1.253626626600000016e+01,-3.262874679400000133e+01,-3.982169111399999650e+01,-3.587031818100000180e+01,-2.659551944000000034e+01,-3.976980469200000101e+01
1.255627627600000018e+01,-4.361191643000000084e+01,-3.767930928700000237e+01,-3.859773763999999829e+01,-2.740102974899999921e+01,-4.784673111699999737e+01
1.257628628600000020e+01,-3.965975529499999652e+01,-3.133918959600000065e+01,-4.434286081199999785e+01,-2.666402175200000002e+01,-4.669164619499999702e+01
1.259629629600000023e+01,-4.118367796199999731e+01,-3.733174814499999883e+01,-4.614421576000000158e+01,-2.832403365900000125e+01,-4.132164612700000106e+01
1.261630630600000025e+01,-3.853852926799999778e+01,-3.920936169600000198e+01,-4.072208951100000007e+01,-2.668322634200000110e+01,-3.762281325600000059e+01
1.263631631600000027e+01,-3.920195070100000123e+01,-4.374277368399999943e+01,-4.387134928199999706e+01,-2.727849500800000015e+01,-3.695839553999999794e+01
1.265632632600000029e+01,-3.332634267600000300e+01,-3.553299577599999992e+01,-3.486396397200000052e+01,-2.694555529699999852e+01,-3.481867391600000161e+01
1.267633633600000032e+01,-3.458825958799999967e+01,-4.823149564500000253e+01,-4.239063145800000143e+01,-2.771666083999999941e+01,-4.114128717700000237e+01
1.269634634600000034e+01,-3.370702460399999723e+01,-3.234326510399999677e+01,-3.692170475599999691e+01,-2.764890299800000051e+01,-3.516709447499999897e+01
1.271635635600000036e+01,-4.224504231400000265e+01,-4.171981938900000131e+01,-4.225755290299999700e+01,-2.721165326899999926e+01,-3.660121273800000097e+01
1.273636636600000038e+01,-4.190067431399999975e+01,-3.645362941300000159e+01,-3.631412777999999975e+01,-2.597021974800000166e+01,-4.046199623399999723e+01
1.275637637600000041e+01,-3.355242730300000176e+01,-3.688063149100000260e+01,-4.103758887299999714e+01,-2.654458096600000161e+01,-3.231023054799999983e+01
1.277638638600000043e+01,-4.285783006799999839e+01,-3.875629388899999839e+01,-3.865710898399999706e+01,-2.815847883100000004e+01,-3.869282350799999648e+01
1.279639639600000045e+01,-5.939813947599999722e+01,-3.412881955499999975e+01,-3.900361359600000100e+01,-2.885356605400000163e+01,-3.289364498500000167e+01
1.281640640600000047e+01,-3.896848483699999832e+01,-4.543938683900000086e+01,-3.683756254499999727e+01,-2.751265020199999967e+01,-3.635506183399999713e+01
1.283641641600000050e+01,-3.779691317799999695e+01,-3.349940965199999710e+01,-3.348463519500000274e+01,-3.139138837799999848e+01,-3.558731703000000124e+01
1.285642642600000052e+01,-3.222164133900000138e+01,-3.456190722099999846e+01,-3.924406021499999753e+01,-3.188371969199999967e+01,-3.620563030000000282e+01
1.287643643600000054e+01,-3.786206140400000209e+01,-3.512527857799999964e+01,-3.533857067000000285e+01,-3.111279074899999841e+01,-3.461632224699999938e+01
1.289644644600000056e+01,-4.680424595000000210e+01,-4.234684471900000347e+01,-4.314597635300000178e+01,-3.227217285100000055e+01,-3.748129764499999794e+01
1.291645645600000059e+01,-4.422107705900000241e+01,-3.409515154799999692e+01,-3.901880938600000093e+01,-3.492919634999999801e+01,-4.154305518200000336e+01
1.293646646600000061e+01,-4.506809100000000257e+01,-4.400858178000000009e+01,-3.121345467500000126e+01,-2.987274589600000141e+01,-3.637240573900000129e+01
1.295647647600000063e+01,-3.981835466300000093e+01,-3.983506795099999920e+01,-3.375152365499999974e+01,-3.364327253199999745e+01,-3.863729757499999806e+01
1.297648648600000065e+01,-3.485916714100000036e+01,-4.189395498500000059e+01,-3.507976704699999715e+01,-3.744908760199999875e+01,-4.532480981300000167e+01
1.299649649600000068e+01,-3.919660838099999722e+01,-3.704724494799999945e+01,-3.320181353899999976e+01,-3.489371976900000050e+01,-4.168936423400000280e+01
1.301650650700000078e+01,-3.783193927699999648e+01,-4.022798802999999879e+01,-3.497143293700000299e+01,-5.435042707600000256e+01,-4.259202169600000332e+01
1.303651651700000080e+01,-4.047220937800000229e+01,-3.636624559500000231e+01,-3.481210331799999835e+01,-3.548259395499999869e+01,-4.087661479100000150e+01
1.305652652700000083e+01,-3.367684643399999800e+01,-4.112807929000000229e+01,-3.628820732100000157e+01,-3.423507366599999813e+01,-3.670480188700000213e+01
1.307653653700000085e+01,-3.971891564500000271e+01,-5.560970568199999775e+01,-3.131636066900000159e+01,-3.583858443700000151e+01,-3.788303176000000150e+01
1.309654654700000087e+01,-2.969156523899999911e+01,-3.664538591000000167e+01,-4.504887114299999951e+01,-3.969425004200000018e+01,-3.801011044599999877e+01
1.311655655699999912e+01,-2.666921727200000092e+01,-3.476516404099999846e+01,-4.178825961999999805e+01,-3.806817898300000280e+01,-4.058348867400000159e+01
1.313656656699999914e+01,-3.748659031199999703e+01,-3.174684948100000170e+01,-4.159990046600000113e+01,-3.308919883099999737e+01,-3.349747148200000169e+01
1.315657657699999916e+01,-2.719454276100000101e+01,-3.848534664200000321e+01,-3.716870064599999779e+01,-3.356229569399999946e+01,-4.037427342699999855e+01
1.317658658699999918e+01,-3.617517411800000104e+01,-4.458895020199999948e+01,-3.758497526699999725e+01,-3.882347377800000032e+01,-3.645501933900000324e+01
1.319659659699999921e+01,-3.554110707699999949e+01,-5.051594239300000311e+01,-3.584549658400000283e+01,-3.639751318199999730e+01,-3.881864270799999872e+01
1.321660660699999923e+01,-3.500945075100000281e+01,-4.123632909900000243e+01,-4.564099772600000193e+01,-4.921607847899999655e+01,-3.402083106300000281e+01
1.323661661699999925e+01,-3.550470968100000135e+01,-4.067576359099999905e+01,-4.569969150000000013e+01,-4.628725493900000032e+01,-3.615330406500000038e+01
1.325662662699999927e+01,-3.444161304600000051e+01,-4.793885842699999955e+01,-3.536289671000000112e+01,-4.118977287300000256e+01,-3.919560360100000196e+01
1.327663663699999930e+01,-3.361796012899999653e+01,-4.213926691000000346e+01,-4.383138815200000238e+01,-3.695360515299999804e+01,-3.847238476500000104e+01
1.329664664699999932e+01,-3.469309805399999647e+01,-3.555417042599999888e+01,-3.911857780700000120e+01,-3.511213535899999982e+01,-3.795643300900000128e+01
1.331665665699999934e+01,-3.539819583599999930e+01,-4.946141063299999985e+01,-4.114911650199999826e+01,-5.322292448000000320e+01,-3.538189833599999901e+01
1.333666666699999936e+01,-3.334030323900000070e+01,-3.522919363399999781e+01,-4.027742616999999825e+01,-4.338965744600000107e+01,-3.830870839800000027e+01
1.335667667699999939e+01,-3.578466137299999872e+01,-3.098057348900000108e+01,-3.572635002900000245e+01,-4.415605221300000238e+01,-3.640617322899999664e+01
1.337668668699999941e+01,-3.768020072800000264e+01,-4.187546207799999820e+01,-3.547487728699999820e+01,-3.649072557499999903e+01,-3.386522279100000077e+01
1.339669669699999943e+01,-3.580578400000000272e+01,-4.235148579999999896e+01,-4.546636099199999848e+01,-4.528794641399999676e+01,-3.437009881299999847e+01
1.341670670699999945e+01,-3.275041089999999855e+01,-4.138224377499999918e+01,-4.427831521499999923e+01,-4.044960586900000266e+01,-3.602302840099999770e+01
1.343671671699999948e+01,-4.034818701999999746e+01,-3.649287071700000240e+01,-4.371199171300000330e+01,-3.809760588000000325e+01,-4.078704127000000312e+01
1.345672672699999950e+01,-4.296550964000000050e+01,-4.130907720500000124e+01,-4.197378278299999721e+01,-4.039331273399999844e+01,-3.465152943599999702e+01
1.347673673699999952e+01,-4.928583089499999659e+01,-4.417176030899999972e+01,-4.277147453100000263e+01,-3.454599179699999922e+01,-3.917292500500000330e+01
1.349674674699999954e+01,-3.128049219600000086e+01,-4.781343923800000084e+01,-4.175912270599999943e+01,-3.465909843600000073e+01,-3.241054526599999974e+01
1.351675675699999957e+01,-3.716995099500000066e+01,-4.733615434800000088e+01,-4.500519202899999982e+01,-3.742713902599999898e+01,-3.666676129599999712e+01
1.353676676699999959e+01,-4.643221988399999844e+01,-3.762126319600000102e+01,-4.712214837900000219e+01,-4.020235740399999713e+01,-3.649944178399999828e+01
1.355677677699999961e+01,-3.326034203599999728e+01,-3.089980408899999986e+01,-4.401288947399999785e+01,-3.525246441499999861e+01,-3.798631977299999818e+01
1.357678678699999963e+01,-3.884416374799999971e+01,-5.378303018500000121e+01,-4.559697248199999819e+01,-3.931601119999999838e+01,-3.693877039899999914e+01
1.359679679699999966e+01,-4.252573307499999800e+01,-3.796456235800000201e+01,-3.631139528100000291e+01,-4.085624646000000126e+01,-3.552291885399999671e+01
1.361680680699999968e+01,-4.006603258999999895e+01,-3.492257009899999787e+01,-4.451147519599999924e+01,-3.724846019900000016e+01,-3.372913933800000308e+01
1.363681681699999970e+01,-3.128031618400000013e+01,-4.020503469799999863e+01,-4.150748767399999650e+01,-3.624787579899999912e+01,-3.443545420600000284e+01
1.365682682699999972e+01,-4.149660868099999789e+01,-4.165861759100000228e+01,-4.050971681400000080e+01,-3.641776189200000147e+01,-2.967093591900000149e+01
1.367683683699999975e+01,-3.920640733700000169e+01,-3.415577030800000102e+01,-4.798448186200000265e+01,-3.690361391599999763e+01,-3.537816054500000007e+01
1.369684684699999977e+01,-3.664076793299999935e+01,-4.365727090499999719e+01,-4.534663839800000318e+01,-3.620191120100000148e+01,-3.235861274599999859e+01
1.371685685699999979e+01,-3.113130380899999849e+01,-3.499318280499999645e+01,-3.486783103900000214e+01,-3.817337330200000167e+01,-3.147990894300000164e+01
1.373686686699999981e+01,-3.636076434200000307e+01,-2.684964421500000142e+01,-3.998635869200000315e+01,-3.291497871100000339e+01,-3.878607420099999814e+01
1.375687687699999984e+01,-4.836038379899999740e+01,-4.456162273300000010e+01,-4.408614931900000045e+01,-3.288946657200000345e+01,-3.928476109399999672e+01
1.377688688699999986e+01,-3.039044510500000129e+01,-3.324694607400000024e+01,-4.225107523900000217e+01,-3.439837053800000177e+01,-2.945941806300000110e+01
1.379689689699999988e+01,-3.655966492000000301e+01,-3.521872180999999813e+01,-3.738717198799999863e+01,-3.774909615600000024e+01,-2.949533282399999834e+01
1.381690690699999990e+01,-4.113678850099999806e+01,-4.660111109799999696e+01,-3.659293300099999868e+01,-3.653837325199999952e+01,-3.103460018199999837e+01
1.383691691699999993e+01,-4.076939552000000333e+01,-2.293667211900000069e+01,-4.204533849399999923e+01,-3.764096884399999965e+01,-3.200351402999999806e+01
1.385692692699999995e+01,-4.401088070000000130e+01,-4.053044663800000080e+01,-3.210860210300000261e+01,-3.779852542500000112e+01,-2.875334689499999996e+01
1.387693693699999997e+01,-3.404648005199999972e+01,-3.768023052699999909e+01,-4.168985014100000086e+01,-2.959993872500000123e+01,-3.836988300499999838e+01
1.389694694699999999e+01,-4.112892378299999763e+01,-4.787538627200000008e+01,-4.885845277300000333e+01,-3.377955922999999672e+01,-3.204816866400000208e+01
1.391695695700000002e+01,-3.799489275100000185e+01,-4.099936198200000348e+01,-4.151619404400000235e+01,-3.389069171399999902e+01,-3.316651709199999942e+01
1.393696696700000004e+01,-4.424738387000000017e+01,-3.736031487799999695e+01,-3.598385704199999680e+01,-3.648523334299999732e+01,-3.327850595599999650e+01
1.395697697700000006e+01,-3.116201774199999974e+01,-3.830493603099999689e+01,-3.849190658399999876e+01,-3.556565311199999968e+01,-3.411686619999999692e+01
1.397698698700000008e+01,-3.475842006700000297e+01,-3.729133613199999786e+01,-4.370766927900000098e+01,-3.894912391700000143e+01,-4.241671391999999940e+01
1.399699699700000011e+01,-3.739695182100000181e+01,-3.642319751499999825e+01,-5.244573454599999707e+01,-4.210417755099999937e+01,-3.713984379299999716e+01
1.401700700700000013e+01,-3.422998533900000240e+01,-3.835482088399999867e+01,-3.977307276900000232e+01,-3.458929019699999685e+01,-3.378029970899999768e+01
1.403701701700000015e+01,-4.279909351599999923e+01,-3.441125661099999888e+01,-3.368327401300000190e+01,-4.079360278000000051e+01,-3.674578573699999851e+01
1.405702702700000017e+01,-5.308303345000000206e+01,-3.643785106899999704e+01,-4.871047453900000335e+01,-3.191700600200000082e+01,-3.934863007799999934e+01
1.407703703700000020e+01,-3.708699353000000087e+01,-4.151054817200000002e+01,-3.267009113999999670e+01,-3.761432004099999915e+01,-4.478975749699999653e+01
1.409704704700000022e+01,-3.168029216900000122e+01,-4.194140399599999824e+01,-3.626396584100000098e+01,-3.740004830699999872e+01,-3.145770319700000073e+01
1.411705705700000024e+01,-4.456580859200000333e+01,-3.053378242400000175e+01,-3.369245349799999900e+01,-3.141916524499999852e+01,-3.648415277099999798e+01
1.413706706700000026e+01,-3.482638467099999957e+01,-4.097903642899999710e+01,-4.389267116700000315e+01,-3.761257894700000293e+01,-5.169532489000000197e+01
1.415707707700000029e+01,-3.786314382599999817e+01,-4.551670230100000225e+01,-3.773681526299999689e+01,-4.034879748899999896e+01,-3.997801566399999729e+01
1.417708708700000031e+01,-4.090935272400000144e+01,-3.909874218400000245e+01,-3.807592975800000090e+01,-3.387399914099999876e+01,-3.919909866900000139e+01
1.419709709700000033e+01,-3.539399211700000336e+01,-3.858956279400000255e+01,-3.872997148900000042e+01,-4.547188083599999686e+01,-4.813798913800000179e+01
1.421710710700000035e+01,-5.546447486800000348e+01,-3.336737606900000230e+01,-3.487288310999999652e+01,-3.662440686699999759e+01,-3.447152568199999934e+01
1.423711711700000038e+01,-4.817707024199999921e+01,-3.621475039999999979e+01,-3.976033429099999950e+01,-3.171079494600000004e+01,-3.681574998100000329e+01
1.425712712700000040e+01,-3.985417994499999850e+01,-4.129786520900000113e+01,-3.563225132299999842e+01,-3.905373049899999671e+01,-3.510107103099999648e+01
1.427713713700000042e+01,-4.220072844300000270e+01,-3.360387087099999803e+01,-4.463262602999999729e+01,-5.561159122099999763e+01,-3.499912744600000281e+01
1.429714714700000044e+01,-3.872041791200000205e+01,-3.316924284299999925e+01,-3.897008875699999919e+01,-5.058469356300000186e+01,-3.805046173899999928e+01
1.431715715700000047e+01,-3.555629298200000221e+01,-3.095068089500000141e+01,-3.523219848400000132e+01,-3.655383151200000214e+01,-3.427591457799999830e+01
1.433716716700000049e+01,-5.054587336299999833e+01,-3.462031552700000248e+01,-3.708952203399999803e+01,-4.779997289100000302e+01,-3.633217745799999676e+01
1.435717717700000051e+01,-6.410263751799999454e+01,-4.263562651099999812e+01,-3.611322062400000021e+01,-4.375518864299999677e+01,-3.220039110900000168e+01
1.437718718700000053e+01,-3.485798236899999836e+01,-3.073211669399999835e+01,-4.126219173100000148e+01,-4.972814348099999648e+01,-3.364441747400000082e+01
1.439719719700000056e+01,-3.976954544200000186e+01,-3.501046192599999785e+01,-4.710224713299999877e+01,-4.201809427700000299e+01,-3.381726162799999713e+01
1.441720720700000058e+01,-4.500665091799999828e+01,-4.011824514999999991e+01,-4.728703790299999810e+01,-4.055265142500000053e+01,-3.758967206100000169e+01
1.443721721700000060e+01,-2.975577210999999878e+01,-3.388779546100000317e+01,-3.324342155600000126e+01,-3.942831698599999868e+01,-3.626030671400000216e+01
1.445722722700000062e+01,-3.777268163699999803e+01,-4.923323729100000179e+01,-3.773915632899999650e+01,-4.944920242599999938e+01,-3.282014536599999843e+01
1.447723723700000065e+01,-3.071351891200000139e+01,-3.918553043099999655e+01,-3.789339006000000154e+01,-3.558089134699999789e+01,-2.894746009300000011e+01
1.449724724700000067e+01,-3.642246089599999692e+01,-4.138482560799999987e+01,-4.385914438900000079e+01,-4.341179290899999899e+01,-4.053324420799999928e+01
1.451725725700000069e+01,-5.805306800599999661e+01,-3.144174750799999885e+01,-4.208925898900000107e+01,-3.833597389399999855e+01,-4.626031271000000089e+01
1.453726726700000071e+01,-3.514240036399999667e+01,-3.427502696700000229e+01,-4.552636485200000038e+01,-3.496110184100000140e+01,-5.841827173800000139e+01
1.455727727700000074e+01,-3.735829590800000233e+01,-2.977221552900000034e+01,-3.570781885299999914e+01,-4.151534870799999766e+01,-3.514767729599999768e+01
1.457728728700000076e+01,-3.569266419800000278e+01,-3.123063027099999900e+01,-4.638263115600000219e+01,-3.620433730399999916e+01,-2.613220311599999945e+01
1.459729729700000078e+01,-4.079698821000000208e+01,-4.182801254299999982e+01,-3.618604066999999702e+01,-4.370163843600000320e+01,-4.067313933399999826e+01
1.461730730700000080e+01,-3.823986315799999858e+01,-3.029948543900000146e+01,-3.518818857800000188e+01,-3.318326115600000037e+01,-4.913529440500000334e+01
1.463731731700000083e+01,-4.477918239899999975e+01,-3.480914704300000295e+01,-3.855316447900000298e+01,-4.118051685799999717e+01,-3.847625100599999826e+01
1.465732732700000085e+01,-4.024939831599999707e+01,-5.570308474899999851e+01,-3.280020333699999924e+01,-5.580351675099999653e+01,-3.214829646399999774e+01
1.467733733700000087e+01,-3.950014479099999676e+01,-4.160435308999999648e+01,-4.841075438499999706e+01,-3.337624129900000014e+01,-3.558502689899999893e+01
1.469734734699999912e+01,-3.457435818199999744e+01,-3.230934750200000138e+01,-3.456382934300000187e+01,-5.182452761199999713e+01,-2.994384072200000091e+01
1.471735735699999914e+01,-5.007707202899999999e+01,-4.526005035499999707e+01,-3.833165599899999876e+01,-4.771084283599999765e+01,-2.626770451799999861e+01
1.473736736699999916e+01,-4.604779727500000064e+01,-3.370387422099999952e+01,-3.874617645099999663e+01,-4.926141789300000084e+01,-3.449523620200000096e+01
1.475737737699999919e+01,-4.175736868700000315e+01,-3.114722308400000017e+01,-4.018133069499999976e+01,-4.239131726000000100e+01,-3.561710463899999723e+01
1.477738738699999921e+01,-3.399200141099999684e+01,-3.899881079499999714e+01,-3.526000492600000058e+01,-4.224229597200000086e+01,-3.115486892599999891e+01
1.479739739699999923e+01,-3.493963452399999881e+01,-4.067481015599999949e+01,-3.465777997800000065e+01,-3.471359491599999814e+01,-2.832455807399999870e+01
1.481740740699999925e+01,-3.727168041899999906e+01,-4.533168623200000269e+01,-3.389050639599999926e+01,-3.324071247799999895e+01,-4.860001214300000072e+01
1.483741741699999928e+01,-3.450996918399999913e+01,-4.475782844900000157e+01,-3.477635585200000179e+01,-4.567488034800000207e+01,-2.322358395899999906e+01
1.485742742699999930e+01,-2.990830819900000037e+01,-4.686808394300000202e+01,-4.212449206699999849e+01,-3.794508441800000043e+01,-3.389971348000000262e+01
1.487743743699999932e+01,-3.609819085899999891e+01,-3.550483063600000122e+01,-4.373280960099999959e+01,-3.827490627000000245e+01,-3.216711662099999813e+01
1.489744744699999934e+01,-3.133411710700000086e+01,-3.797779727300000019e+01,-4.280918438900000211e+01,-4.126016665600000266e+01,-2.765944044300000115e+01
1.491745745699999937e+01,-6.421782231299999921e+01,-3.265919556400000090e+01,-4.378404761600000228e+01,-3.570353293099999803e+01,-2.871068890800000162e+01
1.493746746699999939e+01,-5.839086929700000184e+01,-3.704902104100000315e+01,-3.656055345299999715e+01,-3.139448063200000050e+01,-2.788735944500000130e+01
1.495747747699999941e+01,-3.744994517899999664e+01,-3.669820082300000053e+01,-3.772236381500000135e+01,-4.718884856500000069e+01,-3.338118329499999959e+01
1.497748748699999943e+01,-3.082246881100000024e+01,-3.077956067399999895e+01,-3.293511160700000318e+01,-3.866418392799999992e+01,-3.125352473299999900e+01
1.499749749699999946e+01,-3.179715825699999954e+01,-3.028348030900000154e+01,-4.165734706500000328e+01,-4.036554414399999757e+01,-3.229868888899999746e+01
1.501750750799999956e+01,-3.083672460500000057e+01,-2.910098123899999933e+01,-3.256178858300000201e+01,-4.831037634399999803e+01,-3.143794857500000006e+01
1.503751751799999958e+01,-9.231279214700000679e+00,-3.257420875100000046e+01,-5.409415435199999678e+01,-4.290499112599999876e+01,-3.360069469300000122e+01
1.505752752799999961e+01,-3.601373937900000044e+01,-3.251074321400000144e+01,-4.120189320000000066e+01,-3.966064656000000355e+01,-2.494042909299999877e+01
1.507753753799999963e+01,-2.905411435399999931e+01,-2.941970359300000126e+01,-3.934280747500000075e+01,-3.520920104500000036e+01,-2.642587826999999834e+01
1.509754754799999965e+01,-3.977663232700000151e+01,-3.705501699999999943e+01,-4.138999090899999800e+01,-3.716699552899999759e+01,-2.714754339899999991e+01
1.511755755799999967e+01,-2.622652052999999839e+01,-3.184441672100000176e+01,-3.290094439899999657e+01,-3.422537290300000024e+01,-3.303467676300000022e+01
1.513756756799999970e+01,-3.263370652500000091e+01,-5.698833315200000271e+01,-3.937203418899999718e+01,-3.734288955800000309e+01,-2.739468412600000136e+01
1.515757757799999972e+01,-4.181694513200000074e+01,-3.276365024100000056e+01,-4.211565405500000026e+01,-5.431885267999999911e+01,-2.524239494500000092e+01
1.517758758799999974e+01,-3.716254649799999754e+01,-3.409367071399999816e+01,-4.352612939299999795e+01,-3.475308317700000060e+01,-2.679925017400000087e+01
1.519759759799999976e+01,-3.893266333500000087e+01,-2.272289259100000081e+01,-3.672910384499999736e+01,-3.774000156400000350e+01,-2.328750335699999852e+01
1.521760760799999979e+01,-4.375631644599999959e+01,-3.941580119399999660e+01,-3.643897607400000282e+01,-3.834427709999999934e+01,-2.905598965100000086e+01
1.523761761799999981e+01,-4.189386934099999849e+01,-4.360206871100000114e+01,-3.620156687499999748e+01,-4.299290779100000037e+01,-2.780774272800000091e+01
1.525762762799999983e+01,-3.003155757300000062e+01,-4.238043277599999925e+01,-4.800678184000000215e+01,-4.220863889999999685e+01,-2.673576245599999979e+01
1.527763763799999985e+01,-3.873345982299999690e+01,-4.082188138200000083e+01,-3.226062392299999715e+01,-3.298257520599999992e+01,-3.209867612200000053e+01
1.529764764799999988e+01,-3.925120763500000010e+01,-4.734895707599999781e+01,-4.842479251599999657e+01,-4.199698127399999947e+01,-3.513623796099999907e+01
1.531765765799999990e+01,-3.785760770400000297e+01,-4.912776339799999903e+01,-3.953090579500000246e+01,-3.964070320399999758e+01,-2.579353647499999980e+01
1.533766766799999992e+01,-3.600828501000000159e+01,-3.629226561699999820e+01,-4.538759329500000206e+01,-3.201940689799999973e+01,-3.341010739800000096e+01
1.535767767799999994e+01,-3.763395731500000352e+01,-2.298248188199999831e+01,-3.838789011200000090e+01,-3.569001193700000130e+01,-3.150219671199999993e+01
1.537768768799999997e+01,-3.806663778499999751e+01,-3.686216409099999680e+01,-3.771433691299999680e+01,-5.403882614500000159e+01,-3.883655587999999881e+01
1.539769769799999999e+01,-2.189976914300000033e+01,-3.212569213300000115e+01,-3.803437538099999671e+01,-4.117030362500000251e+01,-3.652960713699999928e+01
1.541770770800000001e+01,-3.685742526199999958e+01,-4.902225483600000189e+01,-3.304330153200000098e+01,-3.670257275699999866e+01,-3.141330659500000166e+01
1.543771771800000003e+01,-3.348472094699999957e+01,-2.630058457999999888e+01,-3.625483903700000354e+01,-2.954627068099999931e+01,-3.613413958600000342e+01
1.545772772800000006e+01,-2.709119539900000007e+01,-3.817005846699999694e+01,-3.189905087100000003e+01,-4.060759798099999784e+01,-3.832894172799999666e+01
1.547773773800000008e+01,-4.658334060699999668e+01,-3.326584256299999964e+01,-3.364426482799999718e+01,-3.190511963200000167e+01,-3.149334539099999830e+01
1.549774774800000010e+01,-4.686339599400000111e+01,-3.246914171800000304e+01,-3.589776809699999660e+01,-4.702800518600000146e+01,-3.779289388499999802e+01
1.551775775800000012e+01,-3.430373304599999784e+01,-4.102862963199999768e+01,-4.025548270299999842e+01,-3.771039454299999960e+01,-3.234079263800000348e+01
1.553776776800000015e+01,-3.326642275300000051e+01,-3.092557152599999881e+01,-4.042929974399999793e+01,-4.248858407499999856e+01,-5.046265303999999929e+01
1.555777777800000017e+01,-3.242912394999999748e+01,-4.806972805499999879e+01,-3.354554639700000251e+01,-4.533127169400000156e+01,-3.539613682699999941e+01
1.557778778800000019e+01,-4.143300365199999646e+01,-3.992732961400000136e+01,-3.699251061700000065e+01,-5.123271867100000065e+01,-2.711184063500000008e+01
1.559779779800000021e+01,-3.533308857200000119e+01,-3.955037599799999981e+01,-3.463137671399999817e+01,-4.181013939000000335e+01,-3.998863220599999835e+01
1.561780780800000024e+01,-3.432028153400000292e+01,-2.784402150200000037e+01,-3.107108645699999983e+01,-3.990823494400000016e+01,-3.706792484999999715e+01
1.563781781800000026e+01,-4.804560173000000134e+01,-3.945549761899999908e+01,-3.876792695400000355e+01,-3.272170640699999922e+01,-3.101475452700000091e+01
1.565782782800000028e+01,-3.722044652799999653e+01,-3.291932905899999895e+01,-3.554536637500000040e+01,-5.521210030400000335e+01,-3.903824431599999656e+01
1.567783783800000030e+01,-4.334140160700000166e+01,-4.389825868500000183e+01,-3.722448413299999714e+01,-3.328538087900000164e+01,-3.799446603599999861e+01
1.569784784800000033e+01,-3.289884978599999954e+01,-3.072876393299999975e+01,-4.024276430900000179e+01,-3.871518124100000335e+01,-2.419541096400000058e+01
1.571785785800000035e+01,-3.807114657999999707e+01,-3.346873744799999884e+01,-3.191073697299999878e+01,-4.440311163900000224e+01,-3.522809272800000002e+01
1.573786786800000037e+01,-3.366570530999999988e+01,-2.459219138299999941e+01,-3.450568380200000007e+01,-3.764446039300000280e+01,-3.344627554200000219e+01
1.575787787800000039e+01,-5.223547491899999784e+01,-2.843199937300000002e+01,-3.493026243799999975e+01,-3.645675136399999872e+01,-3.389010438900000111e+01
1.577788788800000042e+01,-3.619550325600000207e+01,-4.077690682000000066e+01,-5.631917933199999737e+01,-4.460639087999999930e+01,-3.221488315799999924e+01
1.579789789800000044e+01,-3.802672987199999710e+01,-3.360824625000000054e+01,-3.451947701600000329e+01,-4.672133175399999772e+01,-3.100471711400000174e+01
1.581790790800000046e+01,-3.572643337299999899e+01,-3.266034278499999743e+01,-3.117014036400000165e+01,-3.103128934000000072e+01,-2.958589455899999976e+01
1.583791791800000048e+01,-4.139676637299999840e+01,-3.300640388699999761e+01,-3.753851069699999954e+01,-3.910877188999999987e+01,-3.104541298299999852e+01
1.585792792800000051e+01,-4.190173029099999980e+01,-3.590487622199999862e+01,-3.638596527100000344e+01,-4.181444734400000129e+01,-2.967574605900000151e+01
1.587793793800000053e+01,-3.406858738100000039e+01,-2.812309653999999881e+01,-2.795740579199999942e+01,-3.776475523199999884e+01,-3.357709070899999659e+01
1.589794794800000055e+01,-5.111385217600000175e+01,-4.942238995700000004e+01,-3.740381867800000038e+01,-4.129207158799999888e+01,-3.689274656999999991e+01
1.591795795800000057e+01,-2.626475956999999894e+01,-3.957724569599999853e+01,-4.146195214499999793e+01,-2.781874819700000145e+01,-3.381295826200000221e+01
1.593796796800000060e+01,-3.513029847899999680e+01,-3.803632584599999689e+01,-3.315819360100000068e+01,-3.629065520399999656e+01,-2.951922036099999858e+01
1.595797797800000062e+01,-2.928427490900000052e+01,-4.663757411899999994e+01,-2.942460078099999876e+01,-3.131822016599999969e+01,-3.191362475200000048e+01
1.597798798800000064e+01,-3.047207859399999919e+01,-3.080829322900000022e+01,-2.938829497400000079e+01,-3.486988215699999927e+01,-3.399912442299999782e+01
1.599799799800000066e+01,-3.223110757199999910e+01,-3.665029784499999721e+01,-3.239095334799999648e+01,-3.826392793299999795e+01,-3.053195731599999974e+01
1.601800800799999891e+01,-2.574206342200000108e+01,-3.285466471899999874e+01,-3.318660853800000154e+01,-3.541585248799999874e+01,-3.302126232900000247e+01
1.603801801799999893e+01,-3.489117984199999967e+01,-2.334624557400000100e+01,-3.540858029599999668e+01,-2.957907529599999918e+01,-2.840238570500000037e+01
1.605802802799999895e+01,-4.084939376900000241e+01,-4.357858503899999647e+01,-3.067055016100000131e+01,-3.830110168400000248e+01,-2.821435165100000120e+01
1.607803803799999898e+01,-4.277472400900000338e+01,-4.066674056800000159e+01,-3.273739100800000301e+01,-3.212271356200000128e+01,-3.184261075299999888e+01
1.609804804799999900e+01,-3.765099750600000306e+01,-3.283046966900000285e+01,-3.202193229400000263e+01,-3.667372341400000124e+01,-3.210064250199999947e+01
1.611805805799999902e+01,-4.065438289299999752e+01,-3.086474311699999973e+01,-3.591886657599999921e+01,-4.014734495300000106e+01,-2.965674669199999869e+01
1.613806806799999904e+01,-3.886175237100000146e+01,-3.557626232799999855e+01,-3.220412638599999866e+01,-4.485176528099999871e+01,-2.861914069899999902e+01
1.615807807799999907e+01,-2.940079726100000101e+01,-4.501238616500000234e+01,-3.493160037100000181e+01,-3.925653136500000073e+01,-3.231800547099999932e+01
1.617808808799999909e+01,-2.517974581400000034e+01,-4.144051013800000050e+01,-3.356980202399999769e+01,-3.716142542699999751e+01,-2.712195212800000022e+01
1.619809809799999911e+01,-2.206319503299999951e+01,-3.906628591900000202e+01,-3.845879965000000311e+01,-3.730278237099999927e+01,-3.347573296600000248e+01
1.621810810799999913e+01,-1.822632987700000129e+01,-3.589882301800000164e+01,-3.810574548200000322e+01,-3.463395909999999844e+01,-2.441864876100000004e+01
1.623811811799999916e+01,-3.558522665299999943e+01,-3.605742141599999684e+01,-3.947681230199999902e+01,-3.540048523800000169e+01,-2.963030071600000070e+01
1.625812812799999918e+01,-3.322808250199999947e+01,-2.657434562299999925e+01,-3.399281818800000110e+01,-3.739412684599999892e+01,-2.907321974899999972e+01
1.627813813799999920e+01,-3.520411071299999861e+01,-5.222260360399999968e+01,-3.235792102399999948e+01,-3.516423544100000242e+01,-2.945186292800000061e+01
1.629814814799999922e+01,-2.442859381699999943e+01,-4.392486644000000240e+01,-3.135743525000000176e+01,-3.254101630000000256e+01,-2.720938669799999943e+01
1.631815815799999925e+01,-3.175724576100000007e+01,-3.579376976900000074e+01,-3.075610295199999911e+01,-4.627278546699999850e+01,-2.261017862899999997e+01
1.633816816799999927e+01,-3.335334346900000213e+01,-5.252688969399999763e+01,-3.258868297400000102e+01,-3.500681026699999876e+01,-3.224528329000000326e+01
1.635817817799999929e+01,-3.380009341800000300e+01,-3.726523618499999913e+01,-2.985781992000000074e+01,-3.135370285600000173e+01,-2.984373896099999968e+01
1.637818818799999931e+01,-2.291453531899999874e+01,-3.607933247799999776e+01,-3.418918072099999961e+01,-4.392159634800000134e+01,-3.018096893499999922e+01
1.639819819799999934e+01,-3.244719702599999778e+01,-5.212258189899999650e+01,-3.745821547199999912e+01,-3.136936546400000125e+01,-3.398795573799999659e+01
1.641820820799999936e+01,-2.847197208100000054e+01,-2.239479953900000098e+01,-2.973796677500000030e+01,-3.352229556500000029e+01,-2.617316471399999855e+01
1.643821821799999938e+01,-2.746368033599999947e+01,-3.313274004800000228e+01,-3.060085404899999872e+01,-3.484183129299999848e+01,-2.144714404000000130e+01
1.645822822799999940e+01,-1.840715883500000061e+01,-3.655164600199999825e+01,-3.390452876300000185e+01,-4.713747772800000035e+01,-2.303120544500000122e+01
1.647823823799999943e+01,-3.448874375100000123e+01,-3.486586855600000234e+01,-3.197995277700000116e+01,-4.530467326499999814e+01,-4.037769083999999964e+01
1.649824824799999945e+01,-4.038027820800000001e+01,-3.150212222900000114e+01,-3.195022543800000037e+01,-3.517155537600000059e+01,-2.895489997600000009e+01
1.651825825799999947e+01,-2.795856918200000152e+01,-3.158102295699999829e+01,-2.956910370399999977e+01,-3.683276920200000148e+01,-2.494528546800000157e+01
1.653826826799999949e+01,-3.400862817200000165e+01,-5.961698434400000224e+01,-3.488732175199999830e+01,-3.206885689300000308e+01,-2.004308266500000002e+01
1.655827827799999952e+01,-5.064729231900000173e+01,-3.495210478500000306e+01,-3.184538721199999856e+01,-3.227441131900000215e+01,-3.060367705599999866e+01
1.657828828799999954e+01,-2.774259049200000149e+01,-3.103091134800000006e+01,-3.217603425200000089e+01,-4.482659187600000195e+01,-2.707824233499999877e+01
1.659829829799999956e+01,-9.866061432800000475e+00,-3.473402321799999726e+01,-3.742477632100000307e+01,-3.970387312900000154e+01,-2.296689337400000142e+01
1.661830830799999958e+01,-4.648130675000000167e+01,-3.515603999199999663e+01,-3.348953172699999925e+01,-4.568292887100000144e+01,-2.844265200899999968e+01
1.663831831799999961e+01,-2.518502446500000147e+01,-3.038030120499999853e+01,-3.748751883500000304e+01,-3.592351451999999767e+01,-3.162279387299999911e+01
1.665832832799999963e+01,-2.586304007400000060e+01,-2.810789218400000067e+01,-3.268465853899999729e+01,-3.581674349499999721e+01,-2.704972143399999851e+01
1.667833833799999965e+01,-3.166830698300000080e+01,-4.863321532100000155e+01,-3.915929552299999727e+01,-3.610943965500000274e+01,-2.761473450500000126e+01
1.669834834799999967e+01,-1.952775773000000115e+01,-3.261616956900000019e+01,-2.864399373099999835e+01,-4.209897142999999886e+01,-2.503696631300000064e+01
1.671835835799999970e+01,-3.003550987299999875e+01,-3.739120539700000023e+01,-3.366753152199999732e+01,-3.256942054299999967e+01,-2.643126869399999990e+01
1.673836836799999972e+01,-5.397310509999999795e+01,-4.567407433999999711e+01,-3.662999290500000171e+01,-2.790675601299999897e+01,-2.713564025200000174e+01
1.675837837799999974e+01,-1.119830339399999986e+01,-3.937523024800000115e+01,-6.119507049799999976e+01,-3.684327215900000141e+01,-2.854316022200000091e+01
1.677838838799999976e+01,-3.517977591900000078e+01,-4.860945400100000313e+01,-4.521442567100000076e+01,-3.917221717599999664e+01,-2.852614072200000095e+01
1.679839839799999979e+01,-4.114711202899999876e+01,-8.361938126900000157e+00,-3.427269132200000001e+01,-2.779836271299999950e+01,-3.163753124500000169e+01
1.681840840799999981e+01,-2.715411583799999917e+01,-3.343521903300000275e+01,-3.466692074299999859e+01,-3.185540377899999953e+01,-3.020284450100000129e+01
1.683841841799999983e+01,-2.112433603599999898e+01,-3.669724665399999708e+01,-3.527123234700000154e+01,-2.998685964599999920e+01,-2.743901258400000032e+01
1.685842842799999985e+01,-3.326395226799999705e+01,-3.990939553999999845e+01,-3.242343059200000255e+01,-4.289905814600000156e+01,-2.358642097599999943e+01
1.687843843799999988e+01,-2.739981533099999922e+01,-5.489919192400000014e+01,-2.977558393600000031e+01,-3.113359788300000019e+01,-2.215951807100000082e+01
1.689844844799999990e+01,-2.875149257800000058e+01,-3.953610343399999749e+01,-3.533491917399999949e+01,-4.011156554299999755e+01,-2.708086200700000035e+01
1.691845845799999992e+01,-3.037251021200000167e+01,-3.558857289099999832e+01,-3.566301356299999981e+01,-4.015675978000000157e+01,-2.838904926200000034e+01
1.693846846799999994e+01,-2.262463216000000088e+01,-4.335815273299999717e+01,-3.127389174300000008e+01,-3.106130216600000082e+01,-2.840475341699999845e+01
1.695847847799999997e+01,-2.952613082499999919e+01,-3.257914118499999745e+01,-3.075018886899999870e+01,-2.924200114199999945e+01,-1.695099574500000017e+01
1.697848848799999999e+01,-3.420966406499999835e+01,-2.664344520499999902e+01,-3.466112204400000252e+01,-3.161473377900000159e+01,-2.968708856800000007e+01
1.699849849800000001e+01,-3.225104699700000310e+01,-3.048966018100000142e+01,-2.129923953300000150e+01,-2.306960166000000001e+01,-2.127746167700000157e+01
1.701850850900000012e+01,-2.106266482999999923e+01,-5.207149409499999848e+01,-2.949612929799999961e+01,-2.995701096299999833e+01,-2.851183365400000014e+01
1.703851851900000014e+01,-2.612420788500000057e+01,-3.923251991699999763e+01,-2.417209974400000050e+01,-3.156166141799999991e+01,-2.549548153900000003e+01
1.705852852900000016e+01,-7.199735870599999998e+01,-3.517295845600000348e+01,-2.687155727800000093e+01,-3.170116282400000074e+01,-1.931394600599999833e+01
1.707853853900000018e+01,-3.620977232399999934e+01,-3.090198944600000175e+01,-2.851570721999999947e+01,-3.349005969899999968e+01,-2.865650223999999824e+01
1.709854854900000021e+01,-3.215806504700000090e+01,-3.302163100700000342e+01,-2.575462773699999985e+01,-2.849740246600000049e+01,-3.272067545800000232e+01
1.711855855900000023e+01,-3.802006510799999717e+01,-3.307485285300000299e+01,-3.674243966400000261e+01,-2.249736252699999994e+01,-2.065970984799999854e+01
1.713856856900000025e+01,-4.316952543299999689e+01,-3.619200981099999836e+01,-2.389821479700000140e+01,-2.770732867099999908e+01,-2.374657407999999847e+01
1.715857857900000027e+01,-3.567438230900000207e+01,-2.618431405799999823e+01,-2.441560219000000131e+01,-2.372706735699999925e+01,-2.952153319700000011e+01
1.717858858900000030e+01,-3.908790741499999655e+01,-5.029772443499999923e+01,-2.873466638600000067e+01,-3.561548006000000299e+01,-2.056892697800000036e+01
1.719859859900000032e+01,-5.241197729200000310e+01,-2.788452107799999879e+01,-3.026160604600000070e+01,-2.061772772999999859e+01,-2.702733482300000034e+01
1.721860860900000034e+01,-3.804926321500000341e+01,-3.118619353000000061e+01,-2.491357630099999909e+01,-3.576073371100000031e+01,-3.273341067399999815e+01
1.723861861900000036e+01,-2.852615486399999867e+01,-3.730727756099999937e+01,-2.509235279700000021e+01,-2.681142307600000052e+01,-2.656206402600000160e+01
1.725862862900000039e+01,-2.917254769099999834e+01,-3.700373680500000262e+01,-2.748760114299999913e+01,-2.968181725699999873e+01,-2.970426767800000079e+01
1.727863863900000041e+01,-3.155337104699999884e+01,-2.949396845600000105e+01,-2.604125899299999958e+01,-2.847666664799999836e+01,-2.373521613799999841e+01
1.729864864900000043e+01,-2.796695385900000019e+01,-3.585167116600000270e+01,-2.832557212400000068e+01,-3.535260978000000165e+01,-2.708329264500000022e+01
1.731865865900000045e+01,-3.950979269300000141e+01,-3.461705033900000217e+01,-2.618170373599999934e+01,-2.893683689399999892e+01,-1.487788030499999969e+01
1.733866866900000048e+01,-3.439887003799999832e+01,-2.964195832600000102e+01,-2.567973433499999913e+01,-2.494147071700000140e+01,-2.912646925199999970e+01
1.735867867900000050e+01,-3.774706074499999886e+01,-4.343195020299999953e+01,-2.407105637600000136e+01,-3.193936969800000014e+01,-3.463977746900000199e+01
1.737868868900000052e+01,-4.023931068200000283e+01,-3.545265808999999990e+01,-2.774293684199999888e+01,-3.262930769300000122e+01,-4.572940478499999983e+01
1.739869869900000054e+01,-3.716464729599999828e+01,-3.014305918799999873e+01,-2.601324590500000156e+01,-3.664015305200000228e+01,-2.929451115000000172e+01
1.741870870900000057e+01,-3.662055770399999943e+01,-3.726502274700000328e+01,-2.634006163200000117e+01,-2.224263567899999927e+01,-2.031648628700000003e+01
1.743871871900000059e+01,-3.780759118200000302e+01,-3.837585509499999858e+01,-2.600144447699999972e+01,-3.852609720299999907e+01,-3.437231644799999941e+01
1.745872872900000061e+01,-4.195779531800000228e+01,-3.738392320100000177e+01,-2.810541921300000112e+01,-3.168272901099999928e+01,-3.431445564900000278e+01
1.747873873900000063e+01,-3.794506326599999824e+01,-3.300997710499999727e+01,-2.572649105400000025e+01,-3.483720288399999987e+01,-2.729025828099999984e+01
1.749874874900000066e+01,-3.007477225699999934e+01,-4.049078688800000236e+01,-2.498634861000000029e+01,-3.216375845200000327e+01,-2.537373044499999963e+01
1.751875875900000068e+01,-3.821650355900000307e+01,-5.177765312100000017e+01,-2.710769651100000033e+01,-2.902399931200000083e+01,-2.965638126800000052e+01
1.753876876900000070e+01,-4.140335812000000004e+01,-4.598949081800000016e+01,-2.480727068699999904e+01,-2.490135328499999900e+01,-2.093035384099999874e+01
1.755877877900000072e+01,-2.974211491899999871e+01,-3.415317812100000339e+01,-2.291451721500000005e+01,-3.197257522499999993e+01,-2.851795006800000110e+01
1.757878878900000075e+01,-3.578695369599999765e+01,-3.078619527600000083e+01,-2.819961441599999930e+01,-2.094973360599999879e+01,-3.563605897699999758e+01
1.759879879900000077e+01,-3.157954927899999831e+01,-3.082697116800000003e+01,-2.682299425500000112e+01,-2.212932716499999941e+01,-3.040069373300000066e+01
1.761880880900000079e+01,-2.095619404600000024e+01,-3.991809352199999950e+01,-3.465982430399999714e+01,-3.159488704800000036e+01,-2.938602687799999913e+01
1.763881881900000081e+01,-4.625747633600000341e+01,-2.912771482899999853e+01,-2.509040949399999931e+01,-2.958772468600000138e+01,-3.965473279900000136e+01
1.765882882900000084e+01,-3.527291109699999794e+01,-3.000608669500000047e+01,-2.834807045999999886e+01,-3.030526502800000088e+01,-2.930126020999999881e+01
1.767883883900000086e+01,-2.377385507500000017e+01,-5.501290853199999731e+01,-2.201483563300000057e+01,-2.572783478099999854e+01,-2.834830996799999880e+01
1.769884884900000088e+01,-3.875368003999999900e+01,-3.507389581599999673e+01,-2.313905600400000040e+01,-2.140025431600000161e+01,-2.582486128900000111e+01
1.771885885900000090e+01,-4.316090655200000015e+01,-4.113747689699999910e+01,-2.459020850599999974e+01,-2.508775061000000051e+01,-1.991102812700000158e+01
1.773886886900000093e+01,-2.050737956800000106e+01,-3.803266065900000115e+01,-2.615226138399999911e+01,-3.342900078499999950e+01,-2.602685997400000062e+01
1.775887887900000095e+01,-3.590781062300000315e+01,-5.101002583199999663e+01,-3.009015084900000048e+01,-2.947402998200000113e+01,-4.441990334599999812e+01
1.777888888900000097e+01,-2.689822392499999992e+01,-3.754145117200000215e+01,-2.544334534600000097e+01,-2.534404068499999951e+01,-2.511562048200000064e+01
1.779889889900000099e+01,-2.207746153400000111e+01,-3.331456453999999923e+01,-2.150101016400000020e+01,-2.786163240999999857e+01,-1.793334599199999957e+01
1.781890890900000102e+01,-3.392619760499999870e+01,-3.972662157799999960e+01,-3.116789565699999898e+01,-2.802089161199999978e+01,-3.183879596499999920e+01
1.783891891900000104e+01,-3.340686750100000069e+01,-4.859119039400000162e+01,-2.733587799900000093e+01,-2.560326170000000090e+01,-3.741645178499999957e+01
1.785892892900000106e+01,-3.168839219999999912e+01,-2.363876809599999973e+01,-2.797108885600000150e+01,-2.230491306000000051e+01,-2.904400132900000031e+01
1.787893893900000108e+01,-4.300515793000000286e+01,-3.636214781200000346e+01,-4.474204666300000355e+01,-2.914519058500000170e+01,-3.431573914100000167e+01
1.789894894900000111e+01,-2.694834935200000103e+01,-2.579040768400000161e+01,-5.873360056399999962e+01,-3.642754805199999879e+01,-3.637264529400000157e+01
1.791895895900000113e+01,-3.701979100900000219e+01,-3.800389893999999913e+01,-3.166088539000000068e+01,-2.377954106700000025e+01,-3.019496834999999990e+01
1.793896896900000115e+01,-3.656909123599999845e+01,-3.927022960800000106e+01,-5.951399203600000298e+00,-1.279468370700000079e+00,-2.574805973799999848e+01
1.795897897900000117e+01,-4.499822328999999854e+01,-3.358524523500000214e+01,-4.318599229899999870e+01,-2.875857804299999998e+01,-3.920319294400000132e+01
1.797898898900000120e+01,-3.519979901300000336e+01,-3.783946277100000088e+01,-3.564751186299999830e+01,-3.251426253300000013e+01,-3.584580038499999688e+01
1.799899899900000122e+01,-3.308471658900000278e+01,-3.093107128700000175e+01,-5.035824874400000084e+01,-3.749591169199999996e+01,-2.988816251400000112e+01
1.801900900900000124e+01,-3.637263118900000336e+01,-3.036572971500000051e+01,-2.958397283800000110e+01,-2.438722960999999856e+01,-2.522248216999999926e+01
1.803901901900000126e+01,-3.779991064000000023e+01,-4.525319436699999898e+01,-4.198757378599999868e+01,-2.864279087099999899e+01,-4.076324803100000338e+01
1.805902902900000129e+01,-3.492174624999999821e+01,-3.012018370599999884e+01,-2.756661498000000066e+01,-2.993259879900000087e+01,-3.509404764899999662e+01
1.807903903900000131e+01,-3.865012291000000033e+01,-4.511701794700000079e+01,-3.360903645999999867e+01,-3.434637919200000056e+01,-3.365731126299999687e+01
1.809904904900000133e+01,-3.784815922199999960e+01,-3.109862129200000069e+01,-2.978380386199999919e+01,-2.486889630299999965e+01,-3.626822578299999833e+01
1.811905905900000135e+01,-2.337642278999999945e+01,-3.181935701000000094e+01,-3.069546276199999824e+01,-4.289305770299999665e+01,-2.151717502800000048e+01
1.813906906900000138e+01,-4.443836179800000252e+01,-3.837181944999999672e+01,-2.924550443900000118e+01,-3.071297818400000068e+01,-3.946519657300000006e+01
1.815907907900000140e+01,-2.668349233700000056e+01,-4.096797125100000159e+01,-3.453834314200000222e+01,-2.726717498700000064e+01,-4.124310319300000316e+01
1.817908908900000142e+01,-3.631193331800000124e+01,-5.750891777199999666e+01,-2.685607603300000079e+01,-5.436945087200000160e+01,-3.367023661700000048e+01
1.819909909900000144e+01,-3.749473202400000105e+01,-4.085502721000000292e+01,-2.460717747300000013e+01,-4.022656753199999713e+01,-2.159445732800000073e+01
1.821910910900000147e+01,-3.697507921799999764e+01,-5.218816537099999664e+01,-3.074604489500000071e+01,-2.586374719799999866e+01,-3.790491237700000227e+01
1.823911911900000149e+01,-3.485353497799999900e+01,-3.081828194299999879e+01,-3.148275515299999938e+01,-3.481256638199999998e+01,-2.768650008599999879e+01
1.825912912900000151e+01,-3.722438186000000115e+01,-5.127809169300000036e+01,-2.660664448400000026e+01,-3.184034673900000101e+01,-1.455413559700000015e+01
1.827913913900000153e+01,-4.345401478899999859e+01,-4.169196496400000029e+01,-2.592945245900000018e+01,-3.957579642700000022e+01,-4.565387571699999825e+01
1.829914914900000156e+01,-3.679781562000000150e+01,-2.907675658999999868e+01,-2.491296293699999964e+01,-3.304416378100000173e+01,-3.742010841300000124e+01
1.831915915900000158e+01,-1.604100078900000170e+01,-4.960579836299999812e+01,-2.413554238500000082e+01,-3.692970697799999868e+01,-2.818325165799999965e+01
1.833916916900000160e+01,-3.870120414099999806e+01,-3.325136856599999646e+01,-2.787782760500000023e+01,-2.384511601000000169e+01,-2.915546228799999895e+01
1.835917917900000162e+01,-3.177529756599999899e+01,-2.110234579999999838e+01,-2.058913891999999990e+01,-2.675734561000000156e+01,-2.046038667399999866e+01
1.837918918900000165e+01,-3.289648599899999937e+01,-4.238846217599999733e+01,-2.862841474200000036e+01,-4.432242103000000100e+01,-2.704108106700000036e+01
1.839919919900000167e+01,-4.142240948700000303e+01,-3.831785757899999822e+01,-2.580778510100000034e+01,-2.682590220799999869e+01,-2.615356513700000107e+01
1.841920920900000169e+01,-2.535283310499999843e+01,-3.434062671699999925e+01,-2.693311976300000055e+01,-3.102379149500000111e+01,-3.007426326399999894e+01
1.843921921900000171e+01,-3.070530159100000134e+01,-3.657727206100000217e+01,-4.179157225299999823e+01,-2.186523303999999968e+01,-4.224057355000000058e+01
1.845922922900000174e+01,-4.091623178700000096e+01,-3.515290409400000016e+01,-3.836718455999999833e+01,-3.471448604100000068e+01,-3.645654002500000246e+01
1.847923923900000176e+01,-4.315021745800000019e+01,-2.818634801700000025e+01,-3.558702478400000047e+01,-2.229434454500000129e+01,-2.225286561800000129e+01
1.849924924899999823e+01,-3.765248790900000131e+01,-4.185484380500000157e+01,-3.471841731899999672e+01,-2.874465780999999964e+01,-2.579113724700000176e+01
1.851925925899999825e+01,-3.214395049200000187e+01,-3.387429998300000022e+01,-3.055292425200000039e+01,-2.557032908600000098e+01,-3.168846493999999936e+01
1.853926926899999827e+01,-2.987964531000000079e+01,-3.657592748599999766e+01,-2.286049749800000086e+01,-2.209552500399999886e+01,-2.164471713100000017e+01
1.855927927899999830e+01,-5.081170179800000142e+01,-3.302603650199999663e+01,-3.192526963399999929e+01,-3.045144832700000137e+01,-3.062206127800000033e+01
1.857928928899999832e+01,-2.406313825599999845e+01,-2.759427188400000119e+01,-3.115492752999999837e+01,-3.112626210899999890e+01,-2.705978509999999915e+01
1.859929929899999834e+01,-3.804444268599999646e+01,-3.781608157699999850e+01,-2.162885749300000171e+01,-2.637699684900000108e+01,-2.800336824800000102e+01
1.861930930899999836e+01,-3.127334978200000037e+01,-3.442980419399999903e+01,-3.098926568999999986e+01,-3.639963902099999871e+01,-3.015298311400000131e+01
1.863931931899999839e+01,-1.123699655799999952e+01,-3.378728272699999735e+01,-3.788968853200000098e+01,-3.205522199899999691e+01,-2.665120335299999965e+01
1.865932932899999841e+01,-3.300076071800000221e+01,-3.151812516100000039e+01,-3.312387016899999992e+01,-3.796964496799999722e+01,-4.782023792300000054e+01
1.867933933899999843e+01,-6.839272178000000224e+01,-3.850918416500000063e+01,-1.668161109900000127e+01,-1.190185495100000068e+01,-1.348761093699999947e+01
1.869934934899999845e+01,-3.669292105099999901e+01,-3.699706196000000347e+01,-2.802311325100000161e+01,-3.998790171499999957e+01,-3.463625425499999722e+01
1.871935935899999848e+01,-2.757819949199999954e+01,-4.086107756599999874e+01,-3.358030730899999838e+01,-1.971624574399999830e+01,-4.102696254600000003e+01
1.873936936899999850e+01,-2.791273955999999856e+01,-4.211139466299999867e+01,-3.335140086100000190e+01,-2.997259999799999974e+01,-3.410104552699999658e+01
1.875937937899999852e+01,-4.873124101799999863e+01,-2.816642236999999938e+01,-2.772127887499999943e+01,-3.003337592500000142e+01,-2.598333387899999991e+01
1.877938938899999854e+01,-4.575123688299999714e+01,-4.296308459000000113e+01,-3.393846689699999786e+01,-2.584077932399999966e+01,-1.857724253099999956e+01
1.879939939899999857e+01,-4.044052057199999695e+01,-2.943037356900000034e+01,-4.759130944700000043e+01,-3.554103878299999764e+01,-2.900773031399999979e+01
1.881940940899999859e+01,-4.212003346800000259e+01,-5.305192456999999706e+01,-6.489218111700000691e+01,-3.750014886200000319e+01,-3.992550260000000151e+01
1.883941941899999861e+01,-4.455964409100000267e+01,-5.159739330899999743e+01,-2.418509394299999826e+01,-2.275157550799999839e+01,-2.879719543299999884e+01
1.885942942899999863e+01,-2.517898950700000071e+01,-3.687055072900000141e+01,-1.523423774900000005e+01,-2.184068312500000175e+01,-2.391303073899999987e+01
1.887943943899999866e+01,-3.688575606900000281e+01,-3.365296190299999779e+01,-1.732259058900000070e+01,-2.407690878900000087e+01,-3.694011968099999876e+01
1.889944944899999868e+01,-3.676518633300000261e+01,-4.570518343999999900e+01,-3.763149271799999696e+01,-5.481831895900000262e+01,-3.463986681800000156e+01
1.891945945899999870e+01,-3.215773131800000328e+01,-4.042007009200000311e+01,-2.362615249299999931e+01,-2.868427616199999974e+01,-4.099918422100000015e+01
1.893946946899999872e+01,-4.204671444200000252e+01,-5.074718911800000143e+01,-3.033256807200000083e+01,-2.911424949799999951e+01,-3.143049386699999914e+01
1.895947947899999875e+01,-3.955047560700000275e+01,-4.246577858900000280e+01,-2.690612864299999885e+01,-2.667281461500000006e+01,-3.706813738299999983e+01
1.897948948899999877e+01,-2.144825789100000080e+01,-2.833611096299999943e+01,-2.414489813200000157e+01,-3.422659889700000235e+01,-3.445483967100000200e+01
1.899949949899999879e+01,-3.163848194499999877e+01,-6.579932040900000345e+01,-2.757387100000000046e+01,-2.685689368099999896e+01,-3.020362162800000050e+01
1.901950950999999890e+01,-4.022695894499999980e+01,-4.124881699600000218e+01,-3.252973577000000205e+01,-4.163545211099999932e+01,-3.300945325600000047e+01
1.903951951999999892e+01,-2.733274666000000153e+01,-3.172659836900000130e+01,-6.125057169899999820e+00,-1.940217936699999868e+01,-2.743797387100000051e+01
1.905952952999999894e+01,-4.923690778499999965e+01,-4.477094912300000118e+01,-3.157796855400000169e+01,-2.485058209099999971e+01,-2.572050601100000122e+01
1.907953953999999896e+01,-4.210797215800000259e+01,-3.467186117699999670e+01,-2.931436852699999918e+01,-1.452133190800000051e+01,-2.685412095199999882e+01
1.909954954999999899e+01,-3.226275977099999892e+01,-4.607042341999999735e+01,-2.861793329200000002e+01,-2.644060053500000151e+01,-2.291077366600000076e+01
1.911955955999999901e+01,-3.857694055300000002e+01,-4.173860747900000234e+01,-3.864570287600000142e+01,-5.212272165099999910e+01,-3.922106603400000324e+01
1.913956956999999903e+01,-3.375044972399999921e+01,-3.518288005099999793e+01,-2.223372291900000164e+01,-2.282975898899999834e+01,-1.830887203600000035e+01
1.915957957999999905e+01,-3.077448348500000108e+01,-3.718331587000000127e+01,-2.084009901199999959e+01,-3.661444838599999940e+01,-3.476050731499999813e+01
1.917958958999999908e+01,-3.750097101499999752e+01,-3.890361774099999792e+01,-2.784129435599999880e+01,-4.515299057000000005e+01,-3.614868354200000056e+01
1.919959959999999910e+01,-2.969081336300000018e+01,-2.237667368299999993e+01,-9.013978097900000819e+00,-1.220371079100000067e+01,-2.169075852399999960e+01
1.921960960999999912e+01,-3.095884212200000007e+01,-4.333321655200000322e+01,-4.614065170500000335e+01,-4.592913218000000342e+01,-2.918096966399999914e+01
1.923961961999999914e+01,-3.277794184399999722e+01,-5.452906358900000328e+01,-3.670727342600000043e+01,-4.653493067600000188e+01,-4.278741884899999803e+01
1.925962962999999917e+01,-2.872802986099999956e+01,-2.720583816799999965e+01,-2.792720695099999872e+01,-4.582554880299999667e+01,-4.033176311900000144e+01
1.927963963999999919e+01,-7.158845074900000327e+01,-5.347053865299999842e+01,-2.578682897999999923e+01,-3.512611881200000141e+01,-4.159687108499999653e+01
1.929964964999999921e+01,-3.216065453099999871e+01,-4.309106615299999987e+01,-2.723698080799999843e+01,-3.410945500399999730e+01,-4.160851049099999699e+01
1.931965965999999923e+01,-1.469662571699999987e+01,-3.042830277699999897e+01,-2.951886768800000027e+01,-3.127154941799999932e+01,-3.086149665299999967e+01
1.933966966999999926e+01,-4.075808574300000231e+01,-4.029207044399999660e+01,-1.837842551299999982e+01,-2.894915946800000128e+01,-3.382114786199999656e+01
1.935967967999999928e+01,-4.031339398200000090e+01,-3.473537976600000121e+01,-2.941397897399999906e+01,-3.734232001899999887e+01,-2.886581919600000035e+01
1.937968968999999930e+01,-2.372942583400000061e+01,-5.468623000499999876e+01,-3.142117097799999925e+01,-4.062475046800000200e+01,-2.874787302700000069e+01
1.939969969999999932e+01,-2.587823571399999878e+01,-4.758902776499999732e+01,-2.720133338300000148e+01,-2.818691398900000067e+01,-4.943123448499999739e+01
1.941970970999999935e+01,-5.032904933300000039e+01,-4.645830315900000329e+01,-3.338170746800000188e+01,-3.373181432799999868e+01,-3.283956249500000268e+01
1.943971971999999937e+01,-2.102853283700000020e+01,-3.205081511800000271e+01,-2.635877199999999831e+01,-3.719280625599999723e+01,-2.696051879399999862e+01
1.945972972999999939e+01,-5.519120132199999773e+01,-6.490198413400000277e+01,-4.362791444100000149e+01,-3.005197878699999947e+01,-3.371630966400000062e+01
1.947973973999999941e+01,-5.312015642600000120e+01,-4.689272488099999947e+01,-2.298193183900000136e+01,-2.878879619499999976e+01,-3.055299522199999984e+01
1.949974974999999944e+01,-3.086394253099999929e+01,-4.799898647900000270e+01,-3.418311797300000165e+01,-2.651739206099999890e+01,-3.141846096700000146e+01
1.951975975999999946e+01,-6.325862287799999706e+01,-4.150265691300000270e+01,-2.330157724300000055e+01,-3.281862099399999977e+01,-3.612342491799999777e+01
1.953976976999999948e+01,-4.737327518499999712e+01,-3.780932207800000100e+01,-7.904133363199999707e+00,-1.613434503799999931e+01,-1.069212521899999935e+01
1.955977977999999950e+01,-4.387905049999999818e+01,-3.192584835299999924e+01,-2.376606951500000164e+01,-2.721088153599999870e+01,-4.425916318400000193e+01
1.957978978999999953e+01,-5.347184693799999877e+01,-5.804493265100000343e+01,-3.561440914599999985e+01,-3.303305604500000214e+01,-3.182581302399999856e+01
1.959979979999999955e+01,-3.345203604299999967e+01,-5.122247288100000162e+01,-3.284045197900000090e+01,-3.561614656199999729e+01,-2.678764320000000154e+01
1.961980980999999957e+01,-3.744042625000000157e+01,-4.099189720199999698e+01,-1.659551266000000069e+01,-3.627600254200000052e+01,-3.416532926400000036e+01
1.963981981999999959e+01,-4.228612565400000278e+01,-3.640069777099999726e+01,-3.506275956399999671e+01,-2.758703168999999988e+01,-3.526799651299999994e+01
1.965982982999999962e+01,-3.222173565199999956e+01,-1.715205418600000087e+01,-1.021451911599999995e+01,-3.830469569899999982e+00,-3.559155367399999825e+00
1.967983983999999964e+01,-4.027670417899999933e+01,-4.611914208700000017e+01,-3.909229677599999775e+01,-4.667303113300000206e+01,-3.530672687300000234e+01
1.969984984999999966e+01,-5.341304511399999910e+01,-5.867149595800000128e+01,-3.959506134299999758e+01,-4.413303383400000257e+01,-4.821622108100000048e+01
1.971985985999999968e+01,-2.396485929400000003e+01,-2.639907371099999978e+01,-4.229374615100000057e+01,-3.359471045099999742e+01,-3.704052459500000083e+01
1.973986986999999971e+01,-4.271091925799999700e+01,-4.466707457399999726e+01,-3.275717478400000005e+01,-3.347514905500000282e+01,-3.935561984499999966e+01
1.975987987999999973e+01,-5.798070794699999908e+01,-3.783776409499999716e+01,-2.540388556899999983e+01,-2.936402007999999952e+01,-3.556844843500000053e+01
1.977988988999999975e+01,-3.532914963099999994e+01,-4.595179772499999871e+01,-2.924218352100000118e+01,-3.002985129300000011e+01,-1.634215376399999897e+01
1.979989989999999977e+01,-6.058217153999999738e+01,-5.364910150499999730e+01,-2.165290768899999918e+01,-3.069745783500000158e+01,-4.012076072299999652e+01
1.981990990999999980e+01,-3.430280238900000001e+01,-3.580486180799999829e+01,-1.865763568999999933e+01,-2.839697040100000081e+01,-2.724732272800000032e+01
1.983991991999999982e+01,-3.965900486099999966e+01,-2.875400906699999837e+01,-3.551081909799999892e+01,-3.442473248000000297e+01,-5.168567531899999778e+01
1.985992992999999984e+01,-5.429343577000000209e+01,-5.786889441900000008e+01,-2.832806433700000071e+01,-2.865315469000000093e+01,-2.981370730500000121e+01
1.987993993999999986e+01,-2.584016727399999880e+01,-3.381607031099999716e+01,-2.035484430500000030e+01,-5.220907469800000200e+01,-3.834899612600000296e+01
1.989994994999999989e+01,-5.067664838400000349e+01,-3.979642394799999749e+01,-2.080305218399999845e+01,-3.402625402700000024e+01,-3.223457859300000194e+01
1.991995995999999991e+01,-3.869258224000000013e+01,-4.094447434100000294e+01,-2.641468688499999828e+01,-2.143660200000000060e+01,-3.176551230600000153e+01
1.993996996999999993e+01,-3.637812324299999744e+01,-3.846787779800000351e+01,-2.688686947600000110e+01,-3.012006977900000138e+01,-2.199917671300000066e+01
1.995997997999999995e+01,-3.354799444999999736e+01,-3.820511932499999830e+01,-3.024802422699999838e+01,-4.233508787499999926e+01,-4.475338915700000086e+01
1.997998998999999998e+01,-3.432227458399999875e+01,-4.594390423600000162e+01,-2.664391796600000006e+01,-4.633553435700000023e+01,-3.449820693899999924e+01
2.000000000000000000e+01,-1.829763286300000047e+01,-1.919472629999999924e+01,-4.122433408999999926e+01,-2.329580134100000066e+01,-2.531520725500000069e+01
