freq_GHz,S21_dB,S31_dB,S41_dB,S51_dB,S61_dB
1.000000000000000021e-02,-7.630694288300000494e+01,-6.902474482099999875e+01,-6.911685849799999914e+01,-7.130592331799999783e+01,-8.043708756799999549e+01
3.001001001000000099e-02,-7.958416271400000142e+01,-7.630131719700000303e+01,-7.826817347200000086e+01,-9.246108345000000384e+01,-8.094544141400000115e+01
5.002002002000000003e-02,-8.805353216199999622e+01,-9.285977756399999805e+01,-8.060047098900000151e+01,-8.286529862000000435e+01,-7.827297628399999496e+01
7.003003002999999560e-02,-8.126827423699999997e+01,-8.208568906899999718e+01,-7.597722688000000346e+01,-1.102468441700000028e+02,-7.697477150699999981e+01
9.004004004000000505e-02,-7.305489743200000419e+01,-8.807186405000000207e+01,-8.227298870500000305e+01,-8.469431743100000176e+01,-7.544445607400000142e+01
1.100500500500000006e-01,-7.769195069900000306e+01,-7.782900189000000069e+01,-8.186349204100000065e+01,-7.929795534900000575e+01,-7.725596662099999890e+01
1.300600600600000101e-01,-7.565818268399999624e+01,-8.013628074999999740e+01,-7.778947747300000515e+01,-8.416436820500000238e+01,-7.873438623900000266e+01
1.500700700700000056e-01,-7.783813558800000010e+01,-8.425152973500000542e+01,-7.729250918399999648e+01,-8.612134870200000591e+01,-7.852562495300000478e+01
1.700800800800000012e-01,-8.516090028399999312e+01,-8.554366055299999516e+01,-8.694389033100000574e+01,-9.845401921399999878e+01,-8.067272611299999596e+01
1.900900900899999968e-01,-8.394057085999999401e+01,-7.460543621499999745e+01,-8.409202578400000050e+01,-7.943447596400000066e+01,-7.826187237499999583e+01
2.101001000999999924e-01,-9.550822675199999878e+01,-9.934297570699999369e+01,-8.638304843599999572e+01,-8.663085812999999291e+01,-8.379131802400000595e+01
2.301101101100000157e-01,-7.873113622900000053e+01,-7.751245212999999978e+01,-7.992655861900000502e+01,-7.939311206099999652e+01,-8.696681675899999675e+01
2.501201201200000113e-01,-7.624792106699999295e+01,-8.584772192600000551e+01,-7.953160475999999335e+01,-9.102924655500000028e+01,-8.069905958100000021e+01
2.701301301299999791e-01,-8.493550117600000249e+01,-7.775589731300000551e+01,-7.924351166799999646e+01,-8.310560002699999416e+01,-8.212483878300000129e+01
2.901401401400000024e-01,-7.596364908399999649e+01,-8.121988929200000484e+01,-8.803699589800000069e+01,-8.083143923299999756e+01,-7.765953044399999783e+01
3.101501501499999702e-01,-7.534536354399999425e+01,-7.763990885900000194e+01,-8.590142612299999314e+01,-8.536671497499999361e+01,-7.488235683499999595e+01
3.301601601600000491e-01,-8.597082022200000040e+01,-7.691082852700000672e+01,-8.229916873599999860e+01,-7.739655939499999704e+01,-8.056780234400000040e+01
3.501701701700000169e-01,-7.671708532300000627e+01,-7.941645769100000507e+01,-7.990954962200000011e+01,-8.231674048099999652e+01,-7.478011439300000518e+01
3.701801801799999847e-01,-8.258142434299999479e+01,-8.932579954599999894e+01,-7.669809021499999346e+01,-8.045787914000000285e+01,-7.551120096399999682e+01
3.901901901900000080e-01,-7.019492609799999627e+01,-7.549277890599999807e+01,-8.598750774399999841e+01,-7.914794481399999881e+01,-7.419523597799999948e+01
4.102002001999999758e-01,-7.607076067399999886e+01,-7.868940792799999429e+01,-7.188097550099999467e+01,-7.882921531799999570e+01,-7.397417028200000289e+01
4.302102102099999992e-01,-8.959723798100000636e+01,-7.071894554099999652e+01,-7.449561288499999989e+01,-7.592472349199999826e+01,-7.436301668100000484e+01
4.502202202200000225e-01,-8.353236433700000418e+01,-7.721214014000000248e+01,-7.398231360500000164e+01,-9.225680594300000337e+01,-8.999144382500000461e+01
4.702302302300000458e-01,-7.602493843599999934e+01,-8.256749546700000053e+01,-8.697572492700000168e+01,-7.212230967799999348e+01,-7.952004343699999822e+01
4.902402402400000136e-01,-8.816221855599999913e+01,-8.083700500800000555e+01,-7.654162295099999369e+01,-7.669602132299999653e+01,-7.385244107900000188e+01
5.102502502500000370e-01,-7.562958211599999458e+01,-8.281421672700000158e+01,-7.125432227699999999e+01,-7.187603431499999829e+01,-7.290887949599999729e+01
5.302602602599999493e-01,-7.737234021899999448e+01,-8.846734425799999713e+01,-6.881947504500000434e+01,-7.484849442399999475e+01,-7.653005716699999539e+01
5.502702702699999726e-01,-7.301019719200000679e+01,-7.315714085199999772e+01,-6.544213733799999488e+01,-7.288675058200000478e+01,-6.667492171000000667e+01
5.702802802799999959e-01,-7.218489993800000093e+01,-7.207137284099999874e+01,-6.363916836599999982e+01,-7.015763272099999881e+01,-6.645465741799999648e+01
5.902902902899999082e-01,-7.672262561899999866e+01,-7.204181380199999296e+01,-6.221941707999999949e+01,-9.709194223699999782e+01,-6.478147152799999731e+01
6.103003002999999316e-01,-7.364568629699999747e+01,-7.069981536299999902e+01,-5.837028022300000174e+01,-7.488020975400000623e+01,-6.037972344599999985e+01
6.303103103099999549e-01,-7.153839684300000101e+01,-6.676033886599999789e+01,-5.730081446999999883e+01,-7.902805290999999954e+01,-6.019474476199999913e+01
6.503203203200000893e-01,-6.523924919399999567e+01,-6.725398805800000446e+01,-5.494696553800000061e+01,-7.067839785699999311e+01,-5.764239146399999925e+01
6.703303303300000016e-01,-6.755407810699999516e+01,-6.423357964500000605e+01,-5.360336807299999862e+01,-8.856375456700000370e+01,-5.721646544400000067e+01
6.903403403400000249e-01,-7.552556674199999520e+01,-6.585684105999999360e+01,-5.220685483300000129e+01,-7.102422195500000157e+01,-5.541761604599999913e+01
7.103503503500000482e-01,-8.162677224499999795e+01,-6.741849311699999703e+01,-5.210830350300000191e+01,-7.408100042499999915e+01,-5.391561758200000298e+01
7.303603603599999605e-01,-6.972691483699999537e+01,-6.103158936599999862e+01,-5.179853236200000310e+01,-6.972847135799999307e+01,-5.361783914499999781e+01
7.503703703699999839e-01,-6.511015292000000443e+01,-6.018851420099999672e+01,-5.096275844699999880e+01,-7.627001646799999435e+01,-5.348120914100000078e+01
7.703803803800000072e-01,-6.444702824899999882e+01,-5.797329104500000341e+01,-5.027865423099999731e+01,-7.158338597099999845e+01,-5.276651288299999720e+01
7.903903903900000305e-01,-5.946662228999999655e+01,-6.092584671499999871e+01,-4.925846726000000331e+01,-6.645264145599999495e+01,-5.357447994799999691e+01
8.104004003999999428e-01,-5.960421355599999771e+01,-6.041842269899999707e+01,-4.917731117200000313e+01,-8.812367217499999583e+01,-5.222152025500000150e+01
8.304104104099999661e-01,-5.953464539800000210e+01,-5.845487493699999959e+01,-4.778096310600000152e+01,-6.904423599000000422e+01,-5.217830850200000015e+01
8.504204204199999895e-01,-5.749546802300000081e+01,-5.749274616400000326e+01,-4.814959177099999721e+01,-6.244992135399999711e+01,-5.115132864899999987e+01
8.704304304299999018e-01,-5.736343430099999807e+01,-5.601153603299999872e+01,-4.772384612599999798e+01,-6.516536139900000535e+01,-4.989416831700000188e+01
8.904404404400000361e-01,-5.545054224399999754e+01,-5.765015069199999687e+01,-4.714302001400000108e+01,-6.763052970500000072e+01,-4.941571907600000202e+01
9.104504504500000595e-01,-5.727234482499999757e+01,-5.688264287799999863e+01,-4.889204063500000075e+01,-6.602113515800000698e+01,-4.891342100499999646e+01
9.304604604600000828e-01,-5.845847969599999772e+01,-6.032827631100000332e+01,-4.813057085199999818e+01,-6.287103169000000236e+01,-4.963801917100000338e+01
9.504704704699999951e-01,-5.709042743500000228e+01,-5.865933440799999943e+01,-4.912083841199999767e+01,-6.255605791800000048e+01,-4.906316198100000037e+01
9.704804804800000184e-01,-6.209891707199999900e+01,-6.164473686899999905e+01,-5.054591046400000209e+01,-6.494092810799999427e+01,-4.898136765600000331e+01
9.904904904900000417e-01,-6.101836175799999751e+01,-6.170898795699999795e+01,-5.000037760600000070e+01,-6.302796401700000217e+01,-4.888475090000000023e+01
1.010500500500000065e+00,-6.092171464700000172e+01,-6.707304567699999609e+01,-4.976933974300000330e+01,-6.198476255300000304e+01,-4.821462096900000205e+01
1.030510510500000088e+00,-6.516600627699999393e+01,-6.363362691900000101e+01,-5.016633355199999755e+01,-6.309944146899999851e+01,-4.847739490000000018e+01
1.050520520500000110e+00,-6.357119091700000268e+01,-6.713552414699999815e+01,-4.964322700099999963e+01,-6.638330943200000434e+01,-4.853460600799999725e+01
1.070530530499999911e+00,-6.597860838200000444e+01,-6.203056565800000044e+01,-4.988422556100000094e+01,-6.563437005299999782e+01,-4.763906450500000034e+01
1.090540540499999933e+00,-6.551637474899999347e+01,-6.788384986399999832e+01,-4.810146732300000139e+01,-6.659107469200000651e+01,-4.660285270300000349e+01
1.110550550599999964e+00,-7.237300700100000483e+01,-6.103085470199999918e+01,-4.828410652899999889e+01,-6.291923091599999651e+01,-4.528027792400000351e+01
1.130560560599999986e+00,-6.569524591799999769e+01,-6.154509066300000342e+01,-4.819578106499999848e+01,-6.967920625099999654e+01,-4.419113440600000331e+01
1.150570570600000009e+00,-7.183115832800000078e+01,-6.291739511899999826e+01,-4.885078780399999943e+01,-6.620965304800000695e+01,-4.439799651799999936e+01
1.170580580599999809e+00,-7.047308435700000473e+01,-6.062624339199999923e+01,-4.781802937999999870e+01,-6.056748861999999889e+01,-4.366613436600000142e+01
1.190590590599999832e+00,-6.442206418300000337e+01,-6.443363387799999487e+01,-4.758787134399999985e+01,-6.435306849699999532e+01,-4.245039672600000102e+01
1.210600600599999854e+00,-6.721369767100000558e+01,-6.394916197999999952e+01,-4.532395002199999823e+01,-6.193187733399999928e+01,-4.228117711699999859e+01
1.230610610599999877e+00,-6.280323322899999994e+01,-6.997215847399999689e+01,-4.514681838199999930e+01,-6.132181685999999843e+01,-4.120376657399999942e+01
1.250620620599999899e+00,-6.761303599900000449e+01,-6.713621626399999798e+01,-4.454186963899999796e+01,-6.523517513999999551e+01,-4.071182103200000313e+01
1.270630630599999922e+00,-6.618933297600000287e+01,-6.678414262500000120e+01,-4.318606782999999893e+01,-6.400667855899999381e+01,-3.927858527099999719e+01
1.290640640599999944e+00,-6.645289921799999888e+01,-7.570473305500000549e+01,-4.219647126600000320e+01,-5.985350022099999734e+01,-3.888370207900000253e+01
1.310650650699999975e+00,-6.251011641099999849e+01,-6.449973086999999339e+01,-4.198809098299999931e+01,-5.930291781300000054e+01,-3.829967163199999902e+01
1.330660660699999998e+00,-6.019441577100000274e+01,-6.254635597600000096e+01,-4.200821707800000127e+01,-5.610611434799999842e+01,-3.830438997299999926e+01
1.350670670700000020e+00,-5.602829051599999843e+01,-5.988878476899999725e+01,-4.208347962799999920e+01,-5.577301368599999876e+01,-3.773992713999999893e+01
1.370680680700000043e+00,-5.717815479899999787e+01,-5.748063154100000105e+01,-4.251617349699999693e+01,-5.319200900399999909e+01,-3.736272346199999816e+01
1.390690690700000065e+00,-5.630920328500000238e+01,-5.369178543999999675e+01,-4.055436246299999681e+01,-5.467927491500000059e+01,-3.632200602599999684e+01
1.410700700700000088e+00,-5.632849677699999802e+01,-5.548061253699999895e+01,-3.904140144299999804e+01,-5.313932541100000151e+01,-3.569263901299999731e+01
1.430710710700000110e+00,-5.398113483000000201e+01,-5.407441268699999881e+01,-3.812020505899999989e+01,-5.205714819100000312e+01,-3.484450855899999766e+01
1.450720720700000133e+00,-5.097990508800000242e+01,-5.600197839900000218e+01,-3.809831728599999678e+01,-5.263444636700000245e+01,-3.435677837899999787e+01
1.470730730700000155e+00,-5.009399657899999880e+01,-5.358250439599999737e+01,-3.783906659200000178e+01,-5.435002472800000106e+01,-3.377650437999999866e+01
1.490740740699999956e+00,-4.950412423499999903e+01,-5.322383836800000267e+01,-3.716517481199999651e+01,-5.522907877699999801e+01,-3.279036162300000257e+01
1.510750750799999986e+00,-4.921256405500000142e+01,-5.148793665499999861e+01,-3.574872673400000167e+01,-5.598274083999999817e+01,-3.164512258299999914e+01
1.530760760800000009e+00,-5.128207749100000257e+01,-5.234943264099999993e+01,-3.396353644599999910e+01,-6.069246402699999976e+01,-3.023239365099999887e+01
1.550770770800000031e+00,-5.242475210100000282e+01,-5.413109661600000067e+01,-3.281284993900000302e+01,-5.674786832000000203e+01,-2.954273501899999843e+01
1.570780780800000054e+00,-4.754586609599999747e+01,-5.429624986500000006e+01,-3.206081776700000319e+01,-5.232352273099999707e+01,-2.887568896399999829e+01
1.590790790799999854e+00,-4.844944406399999792e+01,-5.378387292600000080e+01,-3.152360997899999973e+01,-5.004390221500000280e+01,-2.859441226999999941e+01
1.610800800799999877e+00,-4.939692285499999969e+01,-6.389649337200000190e+01,-3.108336936999999978e+01,-4.916865817299999719e+01,-2.900390279399999827e+01
1.630810810799999899e+00,-4.801679298700000231e+01,-5.212856921200000215e+01,-3.012953756699999985e+01,-4.983132765799999930e+01,-2.933719062100000130e+01
1.650820820799999922e+00,-4.747911252800000170e+01,-4.826540328499999788e+01,-2.925272092499999843e+01,-4.861211511300000154e+01,-2.932922789199999869e+01
1.670830830799999944e+00,-4.520966334199999892e+01,-4.988390035300000136e+01,-2.864450773200000100e+01,-4.770992743000000047e+01,-2.877811742200000111e+01
1.690840840799999967e+00,-4.670816030099999949e+01,-5.010994706599999660e+01,-2.769623841499999983e+01,-4.928990962200000325e+01,-2.851060065000000066e+01
1.710850850899999998e+00,-4.503924092900000176e+01,-4.666543189099999722e+01,-2.724748049600000144e+01,-5.086737633500000300e+01,-2.860949566600000082e+01
1.730860860900000020e+00,-4.656070864400000175e+01,-4.411109600199999647e+01,-2.758626642600000167e+01,-5.448054514199999687e+01,-2.858376017599999841e+01
1.750870870900000043e+00,-4.556635229700000167e+01,-4.441883324900000218e+01,-2.878510232900000076e+01,-5.840974834299999685e+01,-2.888233697500000119e+01
1.770880880900000065e+00,-4.569065170799999720e+01,-4.583823876400000330e+01,-2.939865411899999970e+01,-5.591340278999999924e+01,-2.955811965699999888e+01
1.790890890900000088e+00,-4.620388641400000296e+01,-4.635408830299999750e+01,-2.977966744800000143e+01,-5.141156752300000221e+01,-3.036719257800000094e+01
1.810900900900000110e+00,-4.766537867299999931e+01,-4.570216119300000202e+01,-3.082832859399999847e+01,-5.490423037899999770e+01,-3.118814803100000077e+01
1.830910910900000133e+00,-5.239712362499999898e+01,-4.653433170899999993e+01,-3.149553087900000037e+01,-6.325043706200000315e+01,-3.255312788300000193e+01
1.850920920900000155e+00,-5.404207760199999910e+01,-4.799210440699999936e+01,-3.231561318800000038e+01,-6.332792971899999657e+01,-3.352972355499999679e+01
1.870930930900000178e+00,-5.964483704799999941e+01,-5.399851947700000210e+01,-3.237529241299999683e+01,-6.383481034700000123e+01,-3.410802901400000309e+01
1.890940940900000200e+00,-5.612495467299999774e+01,-5.349832094500000323e+01,-3.272753186300000294e+01,-6.515347716099999786e+01,-3.441533072699999707e+01
1.910950951000000009e+00,-5.651216802100000081e+01,-5.306899596000000230e+01,-3.257437329199999709e+01,-6.277492696400000227e+01,-3.462923748499999732e+01
1.930960961000000031e+00,-5.325822993900000313e+01,-5.616329264400000199e+01,-3.229379046199999692e+01,-5.608239075800000251e+01,-3.341893646700000176e+01
1.950970971000000054e+00,-5.285372061300000013e+01,-5.848185584099999801e+01,-3.207850813600000350e+01,-5.268996670700000351e+01,-3.228917037499999765e+01
1.970980981000000076e+00,-4.972225262900000331e+01,-5.995405729600000200e+01,-3.207036845700000072e+01,-5.357080461500000013e+01,-3.123075418000000170e+01
1.990990991000000099e+00,-5.047925086499999736e+01,-5.849659887499999655e+01,-3.247517951300000050e+01,-5.376017644000000217e+01,-3.129709512999999887e+01
2.011001000999999899e+00,-4.911732404699999677e+01,-5.595412651000000182e+01,-3.256872329200000138e+01,-5.584148178499999915e+01,-3.140602114900000075e+01
2.031011010999999922e+00,-4.810567055599999975e+01,-5.598988316100000162e+01,-3.263057038899999895e+01,-5.521975903999999957e+01,-3.133546707600000047e+01
2.051021020999999944e+00,-4.822389859700000159e+01,-5.158764850899999743e+01,-3.224360875800000059e+01,-5.397170005200000276e+01,-3.171817721700000092e+01
2.071031030999999967e+00,-5.069030732299999897e+01,-5.010079177000000072e+01,-3.208590996000000217e+01,-5.354248839499999946e+01,-3.250987474699999780e+01
2.091041040999999989e+00,-5.291070078199999926e+01,-4.761306010500000241e+01,-3.163361643400000034e+01,-5.413614273000000310e+01,-3.258641185599999801e+01
2.111051051100000020e+00,-5.179522539399999914e+01,-4.792016077899999971e+01,-3.168569913099999980e+01,-5.335110276099999993e+01,-3.235697447500000123e+01
2.131061061100000043e+00,-5.263248380900000001e+01,-4.832434001499999709e+01,-3.197145118799999963e+01,-5.295034805099999886e+01,-3.171194199800000035e+01
2.151071071100000065e+00,-5.218759348700000089e+01,-4.753908340400000299e+01,-3.185280626500000167e+01,-5.018528026300000278e+01,-3.196353961599999849e+01
2.171081081100000088e+00,-5.074777723399999729e+01,-5.040290432799999820e+01,-3.180056357400000167e+01,-4.948864045199999850e+01,-3.198247367700000154e+01
2.191091091100000110e+00,-4.882111458600000020e+01,-5.050951237700000007e+01,-3.174684545499999899e+01,-5.061595759000000072e+01,-3.197993560999999829e+01
2.211101101099999688e+00,-4.856995694799999796e+01,-5.046270446799999831e+01,-3.185335723900000104e+01,-4.970642711400000024e+01,-3.234346541899999750e+01
2.231111111099999711e+00,-4.949668069999999886e+01,-5.054360857000000351e+01,-3.152748220599999840e+01,-5.145348942100000045e+01,-3.260071781300000282e+01
2.251121121099999733e+00,-4.878977626399999679e+01,-5.246722147399999869e+01,-3.158562482299999985e+01,-5.222197878899999779e+01,-3.285956451700000258e+01
2.271131131099999756e+00,-4.880000857900000000e+01,-6.015233427300000102e+01,-3.178285019999999861e+01,-5.379370030199999775e+01,-3.320508257800000251e+01
2.291141141099999778e+00,-5.031958278100000115e+01,-6.054428155800000155e+01,-3.188557668600000028e+01,-5.108994297400000306e+01,-3.282818964399999828e+01
2.311151151199999809e+00,-5.042238391800000130e+01,-5.860723322199999785e+01,-3.221082366400000296e+01,-4.916481609099999872e+01,-3.230790528499999681e+01
2.331161161199999832e+00,-5.308452715500000352e+01,-5.504282593199999951e+01,-3.198438367700000029e+01,-4.901743735600000207e+01,-3.117850362700000133e+01
2.351171171199999854e+00,-5.018707674299999866e+01,-5.204464831599999997e+01,-3.129659995500000136e+01,-4.780226075000000208e+01,-2.971068960299999873e+01
2.371181181199999877e+00,-4.963844227300000256e+01,-5.088258958099999774e+01,-3.094011729500000030e+01,-4.825380595299999698e+01,-2.872558939600000016e+01
2.391191191199999899e+00,-5.002175910999999786e+01,-5.337974550799999918e+01,-3.102331021999999905e+01,-4.847623010699999924e+01,-2.829969217600000064e+01
2.411201201199999922e+00,-5.352970752299999901e+01,-5.163614596499999720e+01,-3.102881811700000014e+01,-4.750556249800000330e+01,-2.818766406800000013e+01
2.431211211199999944e+00,-5.133178861700000084e+01,-5.019479920900000280e+01,-3.078188857700000014e+01,-4.772308942800000153e+01,-2.817735722700000167e+01
2.451221221199999967e+00,-5.300067236999999665e+01,-4.948675941999999850e+01,-3.038610155099999943e+01,-4.846763051599999983e+01,-2.815334935999999999e+01
2.471231231199999989e+00,-5.009038084899999888e+01,-4.730250688999999653e+01,-3.048780831799999902e+01,-4.840974449299999804e+01,-2.817451918100000086e+01
2.491241241200000012e+00,-5.186928039000000012e+01,-4.973364333499999645e+01,-3.037205894599999922e+01,-4.812308271199999865e+01,-2.803623739300000040e+01
2.511251251300000042e+00,-5.041914275300000270e+01,-4.828289742900000192e+01,-3.034359942600000082e+01,-4.866766044500000277e+01,-2.822752439499999966e+01
2.531261261300000065e+00,-5.092287539299999821e+01,-4.852226207999999730e+01,-3.075787640300000092e+01,-4.921959348099999687e+01,-2.857471916200000095e+01
2.551271271300000087e+00,-5.243646818300000234e+01,-4.768931816599999962e+01,-3.132359429199999923e+01,-5.016335758099999964e+01,-2.876256241999999830e+01
2.571281281300000110e+00,-5.179938940200000275e+01,-4.688900143400000076e+01,-3.181189092099999982e+01,-4.978483167899999984e+01,-2.923061592899999894e+01
2.591291291300000132e+00,-4.983380622699999662e+01,-4.644600304899999799e+01,-3.242800094100000052e+01,-4.761788560899999823e+01,-2.947874472899999887e+01
2.611301301300000155e+00,-5.105476206299999831e+01,-4.888406360300000131e+01,-3.363709303800000328e+01,-4.597231052499999748e+01,-2.989719708999999881e+01
2.631311311300000177e+00,-5.083782721699999740e+01,-4.764034738699999849e+01,-3.409318898699999778e+01,-4.616246945700000026e+01,-3.026760451599999868e+01
2.651321321300000200e+00,-4.898219351899999907e+01,-4.845748325999999651e+01,-3.429640868700000311e+01,-4.618186300100000352e+01,-3.074764470499999902e+01
2.671331331300000222e+00,-4.920082214600000015e+01,-4.953004754700000234e+01,-3.482959276999999787e+01,-4.563207921499999742e+01,-3.094927392800000021e+01
2.691341341300000245e+00,-4.981445809899999944e+01,-4.996662685599999776e+01,-3.492190607199999874e+01,-4.587665507199999837e+01,-3.114124256599999896e+01
2.711351351400000276e+00,-4.897659138699999914e+01,-5.026664765900000020e+01,-3.529377990999999781e+01,-4.675412240600000047e+01,-3.130356444299999907e+01
2.731361361400000298e+00,-4.874003197799999754e+01,-4.970943705700000237e+01,-3.578187680199999932e+01,-4.616904343400000243e+01,-3.144356624699999969e+01
2.751371371399999877e+00,-4.926122242800000350e+01,-5.278339084200000286e+01,-3.587816179699999708e+01,-4.806725458199999679e+01,-3.151583019899999982e+01
2.771381381399999899e+00,-4.799180530299999958e+01,-5.198127882000000000e+01,-3.612582198300000158e+01,-4.698934226699999783e+01,-3.146873013600000135e+01
2.791391391399999922e+00,-4.582824121299999831e+01,-5.321212438500000275e+01,-3.649200634299999990e+01,-4.810690612100000152e+01,-3.183673017099999925e+01
2.811401401399999944e+00,-4.576913619799999822e+01,-5.316795223700000150e+01,-3.553390474399999732e+01,-4.696131091699999871e+01,-3.195125028000000000e+01
2.831411411399999967e+00,-4.639252397900000346e+01,-5.441438828999999799e+01,-3.518357012700000297e+01,-4.616330974299999923e+01,-3.219466463100000198e+01
2.851421421399999989e+00,-4.660659556299999906e+01,-5.594757201099999833e+01,-3.522323088899999988e+01,-4.544031617800000333e+01,-3.267870186300000057e+01
2.871431431400000012e+00,-4.448787283499999745e+01,-5.739627881799999898e+01,-3.495533006699999845e+01,-4.446684216399999912e+01,-3.293133143600000068e+01
2.891441441400000034e+00,-4.441260778200000203e+01,-5.382475007600000083e+01,-3.423583011800000264e+01,-4.433230387500000091e+01,-3.300750883500000299e+01
2.911451451500000065e+00,-4.369007929899999709e+01,-6.162372193899999928e+01,-3.382228815500000252e+01,-4.467642058599999899e+01,-3.284254258499999679e+01
2.931461461500000087e+00,-4.269505863599999884e+01,-6.388403067000000135e+01,-3.371288045499999697e+01,-4.546477413099999865e+01,-3.256459289899999732e+01
2.951471471500000110e+00,-4.165034905299999934e+01,-5.462214258000000200e+01,-3.427086515100000241e+01,-4.624682686599999926e+01,-3.210095560999999975e+01
2.971481481500000132e+00,-4.068594777700000265e+01,-5.720019680099999704e+01,-3.357018704499999728e+01,-4.642576769400000103e+01,-3.185438591100000139e+01
2.991491491500000155e+00,-3.919161446399999704e+01,-5.529543915499999684e+01,-3.349152834899999931e+01,-4.609624814400000048e+01,-3.132842620599999961e+01
3.011501501500000177e+00,-3.793648640899999691e+01,-5.273771871000000289e+01,-3.278666801199999981e+01,-4.742550708099999923e+01,-3.058049171200000060e+01
3.031511511500000200e+00,-3.706850711500000273e+01,-5.190049223599999806e+01,-3.226545338300000054e+01,-4.701233110300000106e+01,-2.999992707899999900e+01
3.051521521499999778e+00,-3.657271819200000351e+01,-5.462700119299999812e+01,-3.187761459500000072e+01,-4.658836374999999919e+01,-2.945364764700000038e+01
3.071531531499999801e+00,-3.573460193399999696e+01,-5.823979954400000025e+01,-3.157025643600000109e+01,-4.706708217999999988e+01,-2.891546003599999892e+01
3.091541541499999823e+00,-3.485868307900000218e+01,-5.536956264599999855e+01,-3.140182366999999886e+01,-4.821341454499999912e+01,-2.869166338400000171e+01
3.111551551599999854e+00,-3.500042684400000326e+01,-5.550377645900000090e+01,-3.098638166199999944e+01,-4.945027354999999858e+01,-2.861407024700000079e+01
3.131561561599999877e+00,-3.450748885800000210e+01,-5.365491068099999694e+01,-3.059087203800000054e+01,-5.351920690800000102e+01,-2.871077225299999824e+01
3.151571571599999899e+00,-3.445564182900000105e+01,-5.273786006000000270e+01,-3.039429943800000089e+01,-5.410115455100000048e+01,-2.876357355200000043e+01
3.171581581599999922e+00,-3.386857318900000280e+01,-5.786852997799999798e+01,-3.043459675000000075e+01,-5.308220675199999761e+01,-2.871208547599999861e+01
3.191591591599999944e+00,-3.375533463600000061e+01,-5.450168418399999837e+01,-3.061806926899999937e+01,-5.454475438000000054e+01,-2.872479152200000030e+01
3.211601601599999967e+00,-3.324017879499999850e+01,-5.179658604800000177e+01,-3.038490956300000079e+01,-5.360920658199999878e+01,-2.894783486000000039e+01
3.231611611599999989e+00,-3.269978245200000089e+01,-5.075385057199999750e+01,-3.018145773499999862e+01,-5.417840620999999857e+01,-2.918043527800000092e+01
3.251621621600000012e+00,-3.258802026099999694e+01,-5.069052288599999656e+01,-2.994500666700000124e+01,-5.460822380799999820e+01,-2.972027975700000013e+01
3.271631631600000034e+00,-3.238337429199999917e+01,-5.815825425700000295e+01,-3.005808468800000099e+01,-5.451669698700000311e+01,-3.019263405699999936e+01
3.291641641600000057e+00,-3.217634885999999739e+01,-5.447662248700000021e+01,-2.957006478099999924e+01,-5.909465473099999855e+01,-3.093133242100000047e+01
3.311651651699999643e+00,-3.238617474899999849e+01,-5.044314438699999670e+01,-2.910596172400000015e+01,-5.310208988299999788e+01,-3.150360898599999970e+01
3.331661661699999666e+00,-3.264713959200000204e+01,-5.359692292799999791e+01,-2.886075789099999866e+01,-5.263237132500000115e+01,-3.184113299299999866e+01
3.351671671699999688e+00,-3.311646467599999966e+01,-5.163042894600000210e+01,-2.857492896200000132e+01,-5.209154137099999815e+01,-3.260337633000000324e+01
3.371681681699999711e+00,-3.356133604200000065e+01,-4.961152536899999888e+01,-2.840674964900000177e+01,-5.146853070099999883e+01,-3.311613811099999793e+01
3.391691691699999733e+00,-3.410759089799999799e+01,-4.805387058699999869e+01,-2.866843491999999927e+01,-5.108029174600000033e+01,-3.386768617399999926e+01
3.411701701699999756e+00,-3.400916366700000282e+01,-4.749522313700000353e+01,-2.822399699600000034e+01,-4.978106488400000273e+01,-3.410869965500000234e+01
3.431711711699999778e+00,-3.474369506299999699e+01,-4.860282657700000186e+01,-2.812375018199999843e+01,-5.117138506599999914e+01,-3.428961656799999957e+01
3.451721721699999801e+00,-3.504531913000000287e+01,-4.755442026400000088e+01,-2.796524117399999909e+01,-5.556993958099999986e+01,-3.413568915399999781e+01
3.471731731699999823e+00,-3.585225262899999876e+01,-4.756348134099999925e+01,-2.760210349899999827e+01,-5.124083931599999886e+01,-3.389099145699999838e+01
3.491741741699999846e+00,-3.573066089600000339e+01,-4.775331842100000301e+01,-2.774689477100000090e+01,-5.119715595200000280e+01,-3.351979650100000185e+01
3.511751751800000321e+00,-3.646897452599999667e+01,-4.589481604400000236e+01,-2.751119801200000126e+01,-5.220898421999999783e+01,-3.284226009599999685e+01
3.531761761800000343e+00,-3.695389933300000251e+01,-4.698361878800000113e+01,-2.752239647600000083e+01,-5.568331174200000078e+01,-3.223663648600000187e+01
3.551771771800000366e+00,-3.785508072100000021e+01,-4.701807010200000292e+01,-2.767980373400000005e+01,-5.358848868599999804e+01,-3.178549612799999835e+01
3.571781781800000388e+00,-3.760531365899999656e+01,-4.524412068400000209e+01,-2.801084297299999903e+01,-5.303100056400000284e+01,-3.146113359399999965e+01
3.591791791800000411e+00,-3.874722160099999968e+01,-4.427909323000000086e+01,-2.814870364100000089e+01,-5.552412771899999910e+01,-3.128764994999999871e+01
3.611801801799999989e+00,-3.937109733799999844e+01,-4.456797582299999760e+01,-2.834963832000000039e+01,-5.858602251700000352e+01,-3.125606670100000173e+01
3.631811811800000012e+00,-3.999127978399999961e+01,-4.265649271899999917e+01,-2.832155750000000083e+01,-5.483322056000000089e+01,-3.130953017499999902e+01
3.651821821800000034e+00,-3.997134787800000311e+01,-4.509333806099999720e+01,-2.834187537800000101e+01,-6.521936525300000653e+01,-3.167124577299999899e+01
3.671831831800000057e+00,-4.073689570500000201e+01,-4.490776243500000220e+01,-2.868990907999999962e+01,-6.427889978700000029e+01,-3.167676938199999981e+01
3.691841841800000079e+00,-4.041176025400000071e+01,-4.563797950899999734e+01,-2.878798391899999842e+01,-5.783685331499999904e+01,-3.129042471200000008e+01
3.711851851900000110e+00,-4.011211607599999951e+01,-4.493358106299999832e+01,-2.853971222799999907e+01,-5.999030626300000080e+01,-3.101072752500000007e+01
3.731861861900000132e+00,-4.002605600399999730e+01,-4.600697586500000114e+01,-2.910222402599999825e+01,-6.670555459599999892e+01,-3.083404281500000010e+01
3.751871871900000155e+00,-4.106979905000000031e+01,-4.908888162099999874e+01,-2.890278301300000052e+01,-6.310553214800000177e+01,-3.042065491199999983e+01
3.771881881900000177e+00,-4.040488513700000084e+01,-4.788381944599999684e+01,-2.929808273700000143e+01,-7.867013618100000372e+01,-3.049027985000000029e+01
3.791891891900000200e+00,-4.148207178999999911e+01,-4.526016364600000230e+01,-2.937674876799999879e+01,-6.660088122499999486e+01,-3.059712412700000073e+01
3.811901901900000222e+00,-4.079842818800000259e+01,-4.494936910399999874e+01,-2.974691863500000011e+01,-6.272085378700000291e+01,-3.055938458400000002e+01
3.831911911900000245e+00,-4.151882948299999754e+01,-4.735444675200000120e+01,-2.946003679200000036e+01,-6.363089903800000258e+01,-3.110740403100000151e+01
3.851921921900000267e+00,-4.185001185499999821e+01,-4.755710432000000054e+01,-2.931778705099999982e+01,-6.337941253399999653e+01,-3.062728615800000043e+01
3.871931931900000290e+00,-4.155070002099999726e+01,-4.718666342899999933e+01,-2.906707001599999884e+01,-5.587250220899999675e+01,-3.107085682099999957e+01
3.891941941900000312e+00,-4.399815870300000142e+01,-4.755648190699999844e+01,-2.893776139299999883e+01,-6.997214404999999715e+01,-3.086471606399999956e+01
3.911951951999999899e+00,-4.330853037100000336e+01,-4.643912583499999869e+01,-2.888727477400000154e+01,-6.132615487599999682e+01,-3.096549385200000160e+01
3.931961961999999922e+00,-4.496506165699999968e+01,-4.555583800200000155e+01,-2.852405487200000067e+01,-6.065096728500000012e+01,-3.129791887800000083e+01
3.951971971999999944e+00,-4.449672381799999954e+01,-4.749222735499999715e+01,-2.845767928800000135e+01,-6.357237130899999755e+01,-3.125295214799999854e+01
3.971981981999999967e+00,-4.569590750399999735e+01,-4.732496846000000090e+01,-2.890308645500000040e+01,-5.702728675499999866e+01,-3.153906049000000067e+01
3.991991991999999989e+00,-4.587357310299999824e+01,-4.571675483399999962e+01,-2.892044040700000096e+01,-5.631474900500000302e+01,-3.166539915399999927e+01
4.012002002000000012e+00,-4.588715401999999699e+01,-4.470201194700000258e+01,-2.933547321300000021e+01,-6.255605529900000050e+01,-3.180875218999999987e+01
4.032012012000000034e+00,-4.721339562600000050e+01,-4.641121584700000113e+01,-2.941256684600000071e+01,-6.683457212800000491e+01,-3.190789400199999903e+01
4.052022022000000057e+00,-5.091243819500000001e+01,-4.639202509799999774e+01,-2.943222587400000023e+01,-5.402011193799999944e+01,-3.220144102599999769e+01
4.072032032000000079e+00,-4.945439979199999669e+01,-4.629449329500000232e+01,-2.922260724399999887e+01,-5.454731017400000326e+01,-3.247784690299999966e+01
4.092042042000000102e+00,-5.067974306200000001e+01,-4.682062101799999709e+01,-2.962703800399999921e+01,-5.404676798599999898e+01,-3.279395244599999870e+01
4.112052052100000132e+00,-5.100912078799999705e+01,-5.092409148699999832e+01,-2.952298224899999823e+01,-6.001476436299999762e+01,-3.300564044400000085e+01
4.132062062100000155e+00,-4.972064950600000088e+01,-4.534929790300000008e+01,-2.974173122499999877e+01,-6.226924850399999656e+01,-3.373433065500000083e+01
4.152072072100000177e+00,-5.277808576099999982e+01,-4.458846103799999838e+01,-3.031065309499999927e+01,-5.874831619799999771e+01,-3.449270146599999975e+01
4.172082082100000200e+00,-5.582184232000000179e+01,-4.623811903200000017e+01,-3.020807081999999966e+01,-5.324244302599999656e+01,-3.449720909199999852e+01
4.192092092100000222e+00,-6.287268519599999905e+01,-4.831026284299999674e+01,-2.991973369300000130e+01,-5.027040746200000143e+01,-3.475515570200000326e+01
4.212102102100000245e+00,-6.033955506699999916e+01,-4.821030958099999708e+01,-3.013396162400000122e+01,-5.544884735099999773e+01,-3.416413908399999855e+01
4.232112112100000267e+00,-6.481216475600000138e+01,-4.512233821299999903e+01,-3.083967959800000003e+01,-5.929997043299999859e+01,-3.439226855799999782e+01
4.252122122100000290e+00,-5.449480128399999757e+01,-4.594991093000000149e+01,-3.036231950599999863e+01,-5.729917975899999760e+01,-3.443200127600000116e+01
4.272132132100000312e+00,-5.086916350500000306e+01,-5.108740215200000279e+01,-2.994222174400000114e+01,-5.729698522399999661e+01,-3.459490277100000100e+01
4.292142142100000335e+00,-6.915222432000000197e+01,-4.659413915700000075e+01,-3.019661987399999958e+01,-5.100071610700000235e+01,-3.442751355099999699e+01
4.312152152199999477e+00,-5.634936145100000005e+01,-4.858760886400000345e+01,-3.093242119599999995e+01,-5.764555388499999822e+01,-3.430635630799999802e+01
4.332162162199999500e+00,-5.980476612999999730e+01,-4.753286278200000226e+01,-3.109679291300000159e+01,-5.984845903299999748e+01,-3.357857617700000219e+01
4.352172172199999522e+00,-6.832648918600000343e+01,-4.709980973799999759e+01,-3.131434884500000138e+01,-5.971850784200000106e+01,-3.313389753799999937e+01
4.372182182199999545e+00,-5.283595485099999678e+01,-4.893002334799999886e+01,-3.205960461200000111e+01,-5.591424171199999904e+01,-3.239044098600000154e+01
4.392192192199999567e+00,-5.484489677100000193e+01,-4.969018157699999705e+01,-3.208451380900000061e+01,-5.700530056899999920e+01,-3.241638129399999713e+01
4.412202202199999590e+00,-5.490496735400000006e+01,-5.450791516799999670e+01,-3.369684626299999763e+01,-5.996687333900000283e+01,-3.214704770000000167e+01
4.432212212199999612e+00,-5.495442220099999986e+01,-6.279521260399999960e+01,-3.404257730700000195e+01,-6.038357058300000091e+01,-3.168764905300000123e+01
4.452222222199999635e+00,-5.441807619899999793e+01,-5.410857246900000206e+01,-3.419495066300000019e+01,-6.358885596900000081e+01,-3.126718796700000169e+01
4.472232232199999657e+00,-5.164669546999999739e+01,-5.010210712899999663e+01,-3.355351067699999845e+01,-6.485842612499999404e+01,-3.072085281400000056e+01
4.492242242199999680e+00,-5.851038375499999944e+01,-5.795589213099999881e+01,-3.416041519499999879e+01,-6.360747456299999669e+01,-3.064319494900000151e+01
4.512252252300000599e+00,-5.416813788000000329e+01,-5.506435679399999827e+01,-3.501854525000000251e+01,-5.480375489299999714e+01,-3.001982664499999842e+01
4.532262262300000621e+00,-4.996690624600000064e+01,-5.681108605400000044e+01,-3.480034738599999855e+01,-6.640778617499999825e+01,-2.949910602699999984e+01
4.552272272299999756e+00,-5.095055076999999955e+01,-6.828793147899999383e+01,-3.458857679799999829e+01,-6.891031012999999916e+01,-2.942646476299999847e+01
4.572282282299999778e+00,-5.318652013700000225e+01,-5.907817409999999825e+01,-3.515791363999999675e+01,-6.124769515100000206e+01,-2.914373185999999905e+01
4.592292292299999801e+00,-5.450289212700000263e+01,-5.120573499000000339e+01,-3.479442811100000199e+01,-6.004823225500000206e+01,-2.895707850799999861e+01
4.612302302299999823e+00,-4.987654479700000110e+01,-5.868881144800000271e+01,-3.575450477799999760e+01,-7.003128532300000586e+01,-2.872666755199999855e+01
4.632312312299999846e+00,-5.076888593799999683e+01,-6.204645063000000249e+01,-3.544808218499999697e+01,-6.145234716200000236e+01,-2.864274671300000108e+01
4.652322322299999868e+00,-5.187250438299999900e+01,-5.140015314600000096e+01,-3.600040346499999799e+01,-5.908945080699999863e+01,-2.841012899300000072e+01
4.672332332299999891e+00,-4.951052353600000089e+01,-5.051223387299999956e+01,-3.645182617300000061e+01,-5.832003351699999882e+01,-2.849547103500000134e+01
4.692342342299999913e+00,-4.680608596500000118e+01,-4.863619781900000305e+01,-3.550402685499999933e+01,-6.170105812199999917e+01,-2.884938026700000080e+01
4.712352352399999944e+00,-4.829087624099999942e+01,-5.278729720100000122e+01,-3.652419423999999992e+01,-5.853238508300000120e+01,-2.921757304000000133e+01
4.732362362399999967e+00,-4.749708444699999887e+01,-5.075482547299999680e+01,-3.736743473199999954e+01,-5.596553212100000252e+01,-2.982364268099999904e+01
4.752372372399999989e+00,-4.967169143800000342e+01,-4.995560774100000145e+01,-3.640147389799999900e+01,-6.115725064099999742e+01,-3.007361629400000069e+01
4.772382382400000012e+00,-4.898805797100000348e+01,-5.185666407099999731e+01,-3.576563417700000258e+01,-7.289124135500000534e+01,-3.076427342599999903e+01
4.792392392400000034e+00,-5.657288916299999926e+01,-5.168337566499999980e+01,-3.667227194400000201e+01,-7.240380263599999466e+01,-3.150602500600000155e+01
4.812402402400000057e+00,-4.851239669000000276e+01,-5.024273335400000207e+01,-3.701238798899999694e+01,-6.295367760100000254e+01,-3.190819078199999836e+01
4.832412412399999191e+00,-4.895852214300000327e+01,-5.053161270799999727e+01,-3.590173425900000126e+01,-5.484373099300000121e+01,-3.269782715600000245e+01
4.852422422399999213e+00,-4.811599333099999853e+01,-5.012912791600000162e+01,-3.546287543599999736e+01,-5.469162645200000128e+01,-3.278891120800000181e+01
4.872432432399999236e+00,-4.962114288800000139e+01,-5.344980114900000245e+01,-3.499434930799999677e+01,-6.368711864499999820e+01,-3.239856163500000008e+01
4.892442442399999258e+00,-4.857545660899999973e+01,-5.427277163899999834e+01,-3.479128647099999938e+01,-5.846275098000000270e+01,-3.298553596800000065e+01
4.912452452500000177e+00,-5.116151529999999781e+01,-5.469225435100000254e+01,-3.452092673500000330e+01,-5.548817020300000280e+01,-3.237051034499999957e+01
4.932462462500000200e+00,-4.659145179499999756e+01,-6.347021700599999861e+01,-3.367086007700000039e+01,-5.322224534200000079e+01,-3.267607878599999793e+01
4.952472472500000222e+00,-5.044047113599999932e+01,-5.515826047699999890e+01,-3.370440659900000213e+01,-8.342883691199999419e+01,-3.161736899399999956e+01
4.972482482500000245e+00,-5.027767741699999959e+01,-5.480506431700000292e+01,-3.380346794999999815e+01,-5.841234638000000245e+01,-3.076229498100000015e+01
4.992492492500000267e+00,-4.834062436199999979e+01,-5.388781020799999766e+01,-3.360968344700000188e+01,-6.152063255499999883e+01,-3.009283908300000121e+01
5.012502502500000290e+00,-4.933402231800000237e+01,-5.256707464800000196e+01,-3.243679993500000336e+01,-5.353567461000000094e+01,-2.993041440000000009e+01
5.032512512500000312e+00,-4.551415356399999723e+01,-5.064217891599999888e+01,-3.222142264400000045e+01,-5.453504262700000282e+01,-2.919681441399999855e+01
5.052522522500000335e+00,-4.705519814800000233e+01,-4.860844574200000068e+01,-3.178401580199999898e+01,-5.098611080399999906e+01,-2.834431876300000042e+01
5.072532532500000357e+00,-4.415661589199999781e+01,-4.645244828300000250e+01,-3.180361207099999987e+01,-5.244282030299999775e+01,-2.821481321799999975e+01
5.092542542500000380e+00,-4.317603012699999709e+01,-4.833418150100000332e+01,-3.124708529799999823e+01,-5.490429504099999747e+01,-2.763366434399999960e+01
5.112552552600000411e+00,-4.518544894299999726e+01,-4.375519331800000344e+01,-3.098645281699999998e+01,-5.391477330499999709e+01,-2.752969894299999964e+01
5.132562562600000433e+00,-4.185184970200000265e+01,-4.498579246599999948e+01,-3.104091195399999847e+01,-5.197067393500000065e+01,-2.735140499999999975e+01
5.152572572600000456e+00,-4.256525296600000274e+01,-4.443422451600000045e+01,-3.076675934000000012e+01,-5.042311018400000222e+01,-2.716622949299999945e+01
5.172582582600000478e+00,-4.172449812899999699e+01,-4.241722422000000137e+01,-3.038153559499999901e+01,-5.098263764299999679e+01,-2.724990409700000171e+01
5.192592592600000501e+00,-4.138829110300000025e+01,-4.558246937700000245e+01,-3.056738103500000037e+01,-5.083544397899999723e+01,-2.678762622300000018e+01
5.212602602600000523e+00,-3.877269094599999733e+01,-4.379515724400000209e+01,-3.020738666600000144e+01,-5.238368409200000286e+01,-2.684900472400000027e+01
5.232612612600000546e+00,-3.960066490300000197e+01,-4.145616130500000196e+01,-3.088857903999999976e+01,-5.613016483900000253e+01,-2.665459316700000159e+01
5.252622622600000568e+00,-4.146631211900000125e+01,-4.274248452300000167e+01,-3.043601784100000174e+01,-4.877655964200000227e+01,-2.715225378999999961e+01
5.272632632600000591e+00,-3.967766499700000082e+01,-3.955468983400000127e+01,-3.089477744099999867e+01,-4.717606218200000257e+01,-2.728535069000000135e+01
5.292642642600000613e+00,-4.083188647400000093e+01,-4.001501926899999972e+01,-3.076997954799999846e+01,-5.037789630599999668e+01,-2.702811312300000068e+01
5.312652652699999756e+00,-3.944244304800000123e+01,-4.033231517899999830e+01,-3.149459493899999885e+01,-5.332038355800000318e+01,-2.719234547099999943e+01
5.332662662699999778e+00,-3.924526290299999687e+01,-4.188736229599999916e+01,-3.111446352700000162e+01,-5.025821490799999935e+01,-2.704297986999999992e+01
5.352672672699999801e+00,-3.864880129899999872e+01,-4.162344734500000243e+01,-3.194637242499999985e+01,-4.823217841400000339e+01,-2.739438961999999833e+01
5.372682682699999823e+00,-3.893728558299999776e+01,-4.218747716400000058e+01,-3.172707190299999880e+01,-5.143769828700000346e+01,-2.723013132799999880e+01
5.392692692699999846e+00,-3.906217335000000190e+01,-4.285013210099999981e+01,-3.131237310999999934e+01,-5.432587864100000274e+01,-2.755190176800000046e+01
5.412702702699999868e+00,-3.890872213699999804e+01,-3.970317396699999790e+01,-3.170154371399999960e+01,-5.408071598800000146e+01,-2.734491591000000099e+01
5.432712712699999891e+00,-3.879476998399999843e+01,-4.489864462399999923e+01,-3.254907778100000115e+01,-5.503798472599999769e+01,-2.742777381399999825e+01
5.452722722699999913e+00,-3.863014686999999725e+01,-4.349932351199999658e+01,-3.194550917200000129e+01,-5.394009162900000121e+01,-2.762297501500000152e+01
5.472732732699999936e+00,-3.934779750100000228e+01,-4.184752104900000091e+01,-3.327898028300000277e+01,-5.597618569899999841e+01,-2.753384531400000057e+01
5.492742742699999958e+00,-3.721498881400000158e+01,-4.233641091599999839e+01,-3.267653176000000315e+01,-5.425486411899999695e+01,-2.768396339699999942e+01
5.512752752799999989e+00,-3.743800270500000238e+01,-4.032052369499999855e+01,-3.387847571999999730e+01,-5.051879871300000246e+01,-2.784688334399999832e+01
5.532762762800000012e+00,-4.072684122100000081e+01,-4.104002938400000033e+01,-3.419063940299999871e+01,-4.673257484700000219e+01,-2.831293811200000121e+01
5.552772772800000034e+00,-4.037150160600000248e+01,-4.052449759000000284e+01,-3.350989473700000332e+01,-5.272058515399999834e+01,-2.839399161700000107e+01
5.572782782800000057e+00,-3.884233858599999678e+01,-4.142303985299999880e+01,-3.339700647699999791e+01,-5.030930869200000188e+01,-2.784498755499999945e+01
5.592792792800000079e+00,-3.893420182799999907e+01,-4.195706601700000249e+01,-3.424780720799999756e+01,-6.078198915000000113e+01,-2.828066682700000101e+01
5.612802802800000102e+00,-4.010588778500000018e+01,-4.113469311899999781e+01,-3.442790027699999911e+01,-5.336109549599999724e+01,-2.865514861500000166e+01
5.632812812800000124e+00,-3.797395320999999768e+01,-3.988374950200000058e+01,-3.392371917999999908e+01,-4.772782173400000261e+01,-2.867652392200000122e+01
5.652822822800000147e+00,-3.805113728399999928e+01,-4.068546655200000117e+01,-3.339918502399999767e+01,-5.493903242999999748e+01,-2.886927059900000003e+01
5.672832832800000169e+00,-3.843799901700000277e+01,-4.087017610299999859e+01,-3.331782713199999790e+01,-5.072637736099999728e+01,-2.922964579900000004e+01
5.692842842800000192e+00,-3.904963014999999871e+01,-4.113643980700000213e+01,-3.449386262800000225e+01,-5.165042663599999884e+01,-2.927705278899999897e+01
5.712852852899999334e+00,-3.887106673800000323e+01,-4.122173115900000084e+01,-3.378920375399999898e+01,-4.818677198400000350e+01,-2.880395526999999944e+01
5.732862862899999357e+00,-4.027478184000000283e+01,-4.514390393800000112e+01,-3.249996057599999943e+01,-5.891010429499999645e+01,-2.892738867599999963e+01
5.752872872899999379e+00,-4.068871356399999684e+01,-4.532615220600000328e+01,-3.326722705800000313e+01,-5.120755966899999834e+01,-2.842007326899999953e+01
5.772882882899999402e+00,-4.055069704999999658e+01,-4.450099157300000030e+01,-3.334519533299999949e+01,-5.066233106199999980e+01,-2.841740363499999944e+01
5.792892892899999424e+00,-4.070156437600000032e+01,-4.892686230599999675e+01,-3.322768300599999947e+01,-5.337029709699999813e+01,-2.813707502500000146e+01
5.812902902899999447e+00,-4.030966054900000017e+01,-4.512901464099999771e+01,-3.220288004799999726e+01,-5.452823508800000241e+01,-2.784601627800000045e+01
5.832912912899999469e+00,-3.898814556199999970e+01,-4.250917833199999762e+01,-3.238366324700000121e+01,-5.532211940300000208e+01,-2.788743193999999903e+01
5.852922922899999492e+00,-3.954325285499999865e+01,-4.832983288900000218e+01,-3.224156435500000129e+01,-4.905999213999999853e+01,-2.895368497700000177e+01
5.872932932899999514e+00,-3.885277492400000199e+01,-4.505748594899999659e+01,-3.243678391200000277e+01,-5.211794616699999949e+01,-2.883291129199999858e+01
5.892942942899999537e+00,-3.761266958899999935e+01,-4.968976086699999684e+01,-3.266331703699999878e+01,-4.901084862399999764e+01,-2.861619369099999943e+01
5.912952952999999567e+00,-3.751061919299999659e+01,-4.422220369200000079e+01,-3.214229199999999764e+01,-5.383207516499999912e+01,-2.878629000400000137e+01
5.932962962999999590e+00,-3.603450555399999899e+01,-5.039830912699999743e+01,-3.141052310799999958e+01,-5.491649680199999750e+01,-2.860572596000000090e+01
5.952972972999999612e+00,-3.675132596800000329e+01,-4.598028938600000259e+01,-3.263365782300000006e+01,-4.930432455399999725e+01,-2.924132369899999873e+01
5.972982982999999635e+00,-3.501512646900000192e+01,-4.830444292600000011e+01,-3.245334421100000100e+01,-5.001987223900000146e+01,-2.918451251300000138e+01
5.992992992999999657e+00,-3.566766398600000088e+01,-4.705710825999999969e+01,-3.267988744400000201e+01,-4.662484146300000276e+01,-2.897197275799999971e+01
6.013003002999999680e+00,-3.433037187400000079e+01,-5.180993463499999763e+01,-3.293557455999999917e+01,-4.714356400399999814e+01,-2.918677733000000174e+01
6.033013012999999702e+00,-3.347743089099999736e+01,-4.811712324300000176e+01,-3.265682652600000324e+01,-4.899818107000000111e+01,-3.019390618899999978e+01
6.053023022999999725e+00,-3.231465795700000143e+01,-5.159501631300000213e+01,-3.279465448999999921e+01,-4.860488054300000016e+01,-3.025218622599999918e+01
6.073033032999999747e+00,-3.210230734699999999e+01,-4.407470428399999918e+01,-3.307388985000000048e+01,-4.741270690700000046e+01,-3.028187373700000151e+01
6.093043042999999770e+00,-3.147482205200000038e+01,-5.014590423399999963e+01,-3.386439576299999743e+01,-4.741681528600000206e+01,-2.990455771699999943e+01
6.113053053100000689e+00,-3.174840183999999965e+01,-4.608495017300000285e+01,-3.349592926599999743e+01,-4.835085758200000328e+01,-2.927106590400000030e+01
6.133063063100000711e+00,-3.050060914499999853e+01,-4.397268358899999896e+01,-3.364957431100000207e+01,-4.581563503600000331e+01,-2.865872472399999893e+01
6.153073073100000734e+00,-3.011765431199999909e+01,-4.252111657999999750e+01,-3.458564538299999924e+01,-4.892111836000000125e+01,-2.873174442699999886e+01
6.173083083100000756e+00,-2.965419664199999872e+01,-4.318554049200000122e+01,-3.560303641600000191e+01,-4.654964325400000291e+01,-2.816054548800000035e+01
6.193093093100000779e+00,-2.919183258600000030e+01,-4.005477627300000165e+01,-3.680054199599999976e+01,-4.724255026400000190e+01,-2.820272336700000082e+01
6.213103103100000801e+00,-2.895427940100000086e+01,-4.026986001000000215e+01,-3.663009576000000322e+01,-5.238093733299999855e+01,-2.802678138099999927e+01
6.233113113100000824e+00,-2.845809897499999863e+01,-4.161735973500000085e+01,-3.825369588600000270e+01,-4.924793947999999943e+01,-2.786309802899999966e+01
6.253123123099999958e+00,-2.841927976399999878e+01,-3.733601089799999784e+01,-3.823546472700000010e+01,-4.703993451699999895e+01,-2.859512016000000045e+01
6.273133133099999981e+00,-2.905585336300000066e+01,-3.929086839499999684e+01,-3.558180760900000195e+01,-4.393411317300000007e+01,-2.883532845999999950e+01
6.293143143100000003e+00,-2.867209131799999966e+01,-3.807514177200000205e+01,-3.706025324200000171e+01,-4.670746847800000268e+01,-2.996507620599999910e+01
6.313153153200000034e+00,-2.891344928499999867e+01,-3.604524367199999801e+01,-3.558123060500000179e+01,-4.674605210000000000e+01,-3.059286377700000159e+01
6.333163163200000056e+00,-3.000439584200000098e+01,-3.433814575899999966e+01,-3.550224713299999735e+01,-5.006964801200000181e+01,-3.102852556999999933e+01
6.353173173200000079e+00,-2.972268705000000111e+01,-3.507470464800000087e+01,-3.504947479599999838e+01,-5.047104698500000097e+01,-3.097567600800000065e+01
6.373183183200000101e+00,-3.078391355600000168e+01,-3.455932708499999961e+01,-3.405091535900000110e+01,-5.327981741899999690e+01,-3.158264601699999830e+01
6.393193193200000124e+00,-3.194817362299999886e+01,-3.306332947799999999e+01,-3.273570507600000212e+01,-5.758217408699999851e+01,-3.226601557699999745e+01
6.413203203200000146e+00,-3.237618197900000183e+01,-3.320464353500000243e+01,-3.287213113300000344e+01,-5.034828712699999897e+01,-3.146189839499999863e+01
6.433213213200000169e+00,-3.246007406599999712e+01,-3.201714395900000198e+01,-3.200301980100000065e+01,-5.682178539499999914e+01,-3.110223317299999835e+01
6.453223223200000191e+00,-3.240397305500000158e+01,-3.286534756300000026e+01,-3.276914686300000312e+01,-5.233745671599999838e+01,-3.009947253600000039e+01
6.473233233200000214e+00,-3.424372258100000010e+01,-3.287870266499999872e+01,-3.196410485999999906e+01,-5.947527447000000222e+01,-2.962845299800000021e+01
6.493243243200000236e+00,-3.438797690799999884e+01,-3.249972778400000095e+01,-3.232087108300000011e+01,-5.345436593099999811e+01,-2.888311653899999953e+01
6.513253253300000267e+00,-3.447799527000000097e+01,-3.156406684899999959e+01,-3.265083217600000154e+01,-4.870133724499999772e+01,-2.839403319599999875e+01
6.533263263300000290e+00,-3.639162094000000280e+01,-3.227295213400000051e+01,-3.197360665900000143e+01,-4.721091679399999919e+01,-2.785856939800000021e+01
6.553273273300000312e+00,-3.795776454500000341e+01,-3.329128999800000344e+01,-3.234735413599999987e+01,-4.976820493200000328e+01,-2.777416887400000078e+01
6.573283283300000335e+00,-3.538136723200000233e+01,-3.109620375400000114e+01,-3.278795320100000055e+01,-5.112794853399999795e+01,-2.747288633999999874e+01
6.593293293300000357e+00,-3.670940969800000175e+01,-3.102640108800000007e+01,-3.355904316299999834e+01,-5.823180751200000316e+01,-2.746654399599999863e+01
6.613303303300000380e+00,-3.833434911199999817e+01,-3.073769754799999987e+01,-3.328139534400000343e+01,-5.008658472700000175e+01,-2.781444061699999892e+01
6.633313313300000402e+00,-3.546500550399999696e+01,-3.060568444500000140e+01,-3.359395593899999710e+01,-4.726876017600000068e+01,-2.765024443600000126e+01
6.653323323300000425e+00,-3.688693285699999791e+01,-3.038492302699999925e+01,-3.445452782000000269e+01,-4.506893542099999905e+01,-2.775177860499999838e+01
6.673333333300000447e+00,-3.614975594199999875e+01,-2.987102977800000048e+01,-3.586428361899999828e+01,-4.716213162599999720e+01,-2.807251004500000136e+01
6.693343343300000470e+00,-3.697608943400000214e+01,-2.971821596199999860e+01,-3.799251605199999915e+01,-4.614951469300000042e+01,-2.802400665200000063e+01
6.713353353399999612e+00,-3.531417570699999686e+01,-2.984774767200000056e+01,-3.959182748300000299e+01,-4.546170639599999674e+01,-2.832653285399999987e+01
6.733363363399999635e+00,-3.829571734700000007e+01,-2.946323772599999913e+01,-4.012791307199999835e+01,-4.345973996600000078e+01,-2.928507119500000044e+01
6.753373373399999657e+00,-3.686040732200000036e+01,-2.935861523899999881e+01,-3.945566996000000159e+01,-4.505605832500000218e+01,-2.913910347399999878e+01
6.773383383399999680e+00,-3.743672181299999835e+01,-2.909505656900000048e+01,-4.216592412300000348e+01,-4.333787644699999930e+01,-2.850611259000000075e+01
6.793393393399999702e+00,-3.877685836300000233e+01,-2.978205584499999858e+01,-4.423343200200000069e+01,-4.422672988899999780e+01,-2.880576411399999870e+01
6.813403403399999725e+00,-3.915569364800000329e+01,-2.997406207099999875e+01,-4.501748480500000227e+01,-4.466435176400000273e+01,-2.939026278400000081e+01
6.833413413399999747e+00,-3.534970047899999912e+01,-3.042034696900000057e+01,-4.475821777200000184e+01,-4.332524813399999886e+01,-2.916408021499999847e+01
6.853423423399999770e+00,-3.713540357200000130e+01,-2.999451492200000047e+01,-5.356873629199999698e+01,-4.520431128999999970e+01,-2.991622882400000094e+01
6.873433433399999792e+00,-3.657273853600000280e+01,-3.005229132899999911e+01,-4.654325408100000061e+01,-4.218360333700000098e+01,-2.952670158200000117e+01
6.893443443399999815e+00,-3.714290054300000321e+01,-2.981501036899999946e+01,-5.229517273599999783e+01,-4.249232797599999856e+01,-3.002279169999999908e+01
6.913453453499999846e+00,-3.591461410499999829e+01,-3.101060968699999876e+01,-5.021089265999999895e+01,-4.209788163999999711e+01,-3.093511718199999905e+01
6.933463463499999868e+00,-3.570956923699999663e+01,-2.993677879399999853e+01,-4.660262794100000150e+01,-4.003716099500000070e+01,-3.083051695199999997e+01
6.953473473499999891e+00,-3.560738550500000343e+01,-3.032383210800000128e+01,-4.862758399799999864e+01,-4.104975650600000137e+01,-3.031873295100000121e+01
6.973483483499999913e+00,-3.539558883200000139e+01,-3.091176665400000090e+01,-4.571768063199999688e+01,-4.027740019400000193e+01,-2.991429415600000041e+01
6.993493493499999936e+00,-3.421104837699999734e+01,-3.030695041099999898e+01,-4.589855426399999772e+01,-3.881023454799999683e+01,-3.013281463999999943e+01
7.013503503499999958e+00,-3.544604500599999852e+01,-3.123018789099999992e+01,-4.129333377799999738e+01,-4.033380918699999995e+01,-3.020244087400000055e+01
7.033513513499999981e+00,-3.458181107099999707e+01,-3.157725180499999951e+01,-4.138128769000000062e+01,-4.396326402199999706e+01,-3.025117231600000167e+01
7.053523523500000003e+00,-3.420659365899999926e+01,-3.096418058300000098e+01,-3.898645387199999846e+01,-4.200242685500000306e+01,-2.967110751899999954e+01
7.073533533500000026e+00,-3.372202722000000108e+01,-3.097721277100000137e+01,-3.887657849600000048e+01,-3.939503200299999719e+01,-3.039115285000000100e+01
7.093543543500000048e+00,-3.390920913899999789e+01,-3.203480749799999927e+01,-4.045662965300000025e+01,-4.088100145300000321e+01,-3.049948634700000127e+01
7.113553553600000079e+00,-3.231807241399999953e+01,-3.283544565199999710e+01,-3.719372795299999979e+01,-4.021119643600000160e+01,-3.061629244699999930e+01
7.133563563600000101e+00,-3.326169234799999685e+01,-3.219362621100000155e+01,-3.712591592799999773e+01,-4.231454633799999954e+01,-3.031814817300000087e+01
7.153573573600000124e+00,-3.265521369300000032e+01,-3.145443716699999825e+01,-3.525855286200000194e+01,-4.783409659000000147e+01,-3.096122701299999846e+01
7.173583583600000146e+00,-3.262261534400000329e+01,-3.209833749500000266e+01,-3.664499501699999939e+01,-4.464507015099999876e+01,-3.210177663300000006e+01
7.193593593600000169e+00,-3.254170353399999982e+01,-3.159701177099999825e+01,-3.492354309200000273e+01,-4.934025083800000289e+01,-3.188928123299999839e+01
7.213603603600000191e+00,-3.160586003899999952e+01,-3.151847596700000054e+01,-3.482251269900000068e+01,-4.360723488099999656e+01,-3.196912525300000141e+01
7.233613613600000214e+00,-3.108544130399999972e+01,-3.165345006200000100e+01,-3.427119799100000108e+01,-4.680580641899999961e+01,-3.338766541999999760e+01
7.253623623600000236e+00,-3.045939788000000092e+01,-3.145053803500000100e+01,-3.314439974700000135e+01,-4.305285121400000037e+01,-3.276377416199999715e+01
7.273633633600000259e+00,-3.098874540299999936e+01,-3.115515270999999942e+01,-3.323598818100000329e+01,-4.167314376299999878e+01,-3.321493681500000150e+01
7.293643643600000281e+00,-2.997005831499999928e+01,-3.025772725199999869e+01,-3.187486554699999886e+01,-4.102415601399999900e+01,-3.347598230100000194e+01
7.313653653699999424e+00,-3.010505980299999962e+01,-3.029516975199999962e+01,-3.169450428000000031e+01,-3.950973573299999941e+01,-3.300689010600000017e+01
7.333663663699999447e+00,-2.874195136100000170e+01,-3.040165164100000084e+01,-3.061945375000000169e+01,-3.837678494499999715e+01,-3.249992675099999673e+01
7.353673673699999469e+00,-2.894057138799999862e+01,-3.108669419699999992e+01,-3.069320350099999928e+01,-3.680756851600000346e+01,-3.229404562300000237e+01
7.373683683699999492e+00,-2.758671276999999833e+01,-3.225877232500000247e+01,-2.984481819000000158e+01,-3.739512006700000057e+01,-3.135287242900000138e+01
7.393693693699999514e+00,-2.771591288200000136e+01,-3.207894805000000105e+01,-2.999709841299999979e+01,-3.657127666000000232e+01,-3.149918655600000150e+01
7.413703703699999537e+00,-2.709405584699999991e+01,-3.421010995700000024e+01,-2.991420357000000152e+01,-3.624080313000000331e+01,-3.092476302600000082e+01
7.433713713699999559e+00,-2.672197502599999908e+01,-3.572079444199999898e+01,-2.924186519399999895e+01,-3.528448269100000090e+01,-3.042038339000000136e+01
7.453723723699999582e+00,-2.649962914199999986e+01,-3.535523963800000047e+01,-2.919063496800000124e+01,-3.534002021900000301e+01,-2.949211399200000017e+01
7.473733733699999604e+00,-2.623472802099999868e+01,-3.642619585900000345e+01,-2.885157663800000094e+01,-3.455546937999999813e+01,-2.910952800800000162e+01
7.493743743699999627e+00,-2.646284463699999989e+01,-3.632484810300000078e+01,-2.892018716600000161e+01,-3.444722559499999903e+01,-2.979849748099999829e+01
7.513753753800000545e+00,-2.649122485699999885e+01,-3.907448868899999894e+01,-2.878922317199999981e+01,-3.539969624599999776e+01,-2.946904786300000012e+01
7.533763763800000568e+00,-2.661366084300000168e+01,-3.567850856900000167e+01,-2.884250777800000165e+01,-3.460707222500000313e+01,-2.912633966399999963e+01
7.553773773800000590e+00,-2.718011422500000052e+01,-3.437686142599999783e+01,-2.845242252299999919e+01,-3.546876662300000049e+01,-2.919794731300000024e+01
7.573783783800000613e+00,-2.755760563899999838e+01,-3.328280024600000075e+01,-2.835684177699999964e+01,-3.473671709500000304e+01,-2.952347488899999917e+01
7.593793793799999747e+00,-2.783954879999999932e+01,-3.300945975900000207e+01,-2.914154955900000132e+01,-3.442177998199999678e+01,-2.987879071500000094e+01
7.613803803799999770e+00,-2.896310945999999831e+01,-3.160147273799999823e+01,-2.854308585300000090e+01,-3.627914021299999803e+01,-2.951757906699999978e+01
7.633813813799999792e+00,-2.852672059400000037e+01,-3.142764799800000119e+01,-2.870415215099999884e+01,-3.566642954299999957e+01,-2.986943848099999954e+01
7.653823823799999815e+00,-2.940085736199999999e+01,-3.098397697100000059e+01,-2.904064694799999913e+01,-3.550379571900000286e+01,-3.036538103499999863e+01
7.673833833799999837e+00,-3.034874448200000074e+01,-2.981583479600000075e+01,-2.874379701799999864e+01,-3.613824845799999963e+01,-3.014377113300000133e+01
7.693843843799999860e+00,-2.897622143499999936e+01,-3.078865095400000129e+01,-2.834453772899999890e+01,-3.535473950800000154e+01,-2.971350980400000097e+01
7.713853853899999891e+00,-2.963784062899999938e+01,-2.981236505700000095e+01,-2.893202498000000134e+01,-3.453059519499999652e+01,-3.031829966800000165e+01
7.733863863899999913e+00,-2.975583370300000041e+01,-2.898415210199999947e+01,-2.953513676200000049e+01,-3.534170099600000015e+01,-3.033969278700000061e+01
7.753873873899999936e+00,-2.926044914499999905e+01,-3.036591594700000130e+01,-2.963176419499999881e+01,-3.516939473299999719e+01,-3.062503614899999960e+01
7.773883883899999958e+00,-3.055691260300000067e+01,-3.002113519099999905e+01,-3.012009347600000098e+01,-3.566697220900000076e+01,-3.025529538800000040e+01
7.793893893899999981e+00,-3.013034392899999858e+01,-2.975075134600000126e+01,-3.021499421100000049e+01,-3.699195454499999869e+01,-3.052082676399999883e+01
7.813903903900000003e+00,-2.992757356899999976e+01,-3.020900072399999914e+01,-3.158242911399999997e+01,-3.782078506599999912e+01,-3.090743997899999940e+01
7.833913913900000026e+00,-2.997945886400000148e+01,-3.000825414699999882e+01,-3.165544308000000129e+01,-3.772537845499999776e+01,-3.038761762000000033e+01
7.853923923900000048e+00,-2.984657972500000156e+01,-3.050822675199999878e+01,-3.351216658399999915e+01,-3.828720940000000184e+01,-3.171018370000000175e+01
7.873933933899999182e+00,-3.052967086199999969e+01,-3.260166611900000078e+01,-3.293505964300000244e+01,-3.731651116199999763e+01,-3.133811527800000007e+01
7.893943943899999205e+00,-3.054956288099999995e+01,-3.031510023799999942e+01,-3.473656876700000140e+01,-3.850703065999999808e+01,-3.164860693900000044e+01
7.913953954000000124e+00,-3.002972326200000097e+01,-3.089254885600000122e+01,-3.443905851499999926e+01,-3.778698248500000290e+01,-3.221127476899999920e+01
7.933963964000000146e+00,-2.978653873100000027e+01,-3.033620811100000125e+01,-3.563264103600000254e+01,-3.746490775200000201e+01,-3.278261288000000206e+01
7.953973974000000169e+00,-2.963604224699999889e+01,-3.068929118899999864e+01,-3.788555776199999769e+01,-3.762461835500000262e+01,-3.274019924299999929e+01
7.973983984000000191e+00,-2.960788398500000085e+01,-2.895731596299999921e+01,-3.636363030199999713e+01,-3.736810885399999904e+01,-3.282751743899999752e+01
7.993993994000000214e+00,-2.918741411799999952e+01,-2.911525360399999940e+01,-3.860781337000000235e+01,-3.733637771200000088e+01,-3.407780903799999805e+01
8.014004004000000236e+00,-2.912932997500000099e+01,-3.050763742099999831e+01,-3.898167398199999667e+01,-3.762501837399999971e+01,-3.396471222200000284e+01
8.034014014000000259e+00,-2.781302552300000031e+01,-2.939451567500000095e+01,-3.757515849100000338e+01,-3.780965599599999649e+01,-3.349114595599999689e+01
8.054024024000000281e+00,-2.877102933200000123e+01,-2.921136073399999944e+01,-3.787810867200000331e+01,-3.756643486099999762e+01,-3.414112099799999811e+01
8.074034034000000304e+00,-2.743267329200000049e+01,-2.923612316499999864e+01,-3.993947719399999841e+01,-3.764058176199999650e+01,-3.401306121500000046e+01
8.094044044000000326e+00,-2.801766898099999992e+01,-3.027947283900000031e+01,-4.051381583799999930e+01,-3.561105775200000068e+01,-3.440216480600000182e+01
8.114054054100000357e+00,-2.763196698100000148e+01,-2.944523342300000124e+01,-3.968850113599999929e+01,-3.849970109000000207e+01,-3.469198330900000116e+01
8.134064064100000380e+00,-2.735727517799999831e+01,-3.044872038200000119e+01,-3.875075228400000071e+01,-3.613230580700000161e+01,-3.461335066499999868e+01
8.154074074100000402e+00,-2.662030799700000117e+01,-3.060701707000000127e+01,-3.982178394200000326e+01,-3.705693310000000196e+01,-3.530285596800000292e+01
8.174084084100000425e+00,-2.678362259800000089e+01,-3.111342095099999838e+01,-3.766607153199999658e+01,-3.704215320400000167e+01,-3.514338208699999910e+01
8.194094094100000447e+00,-2.713224191500000160e+01,-3.033879306300000067e+01,-3.573707305800000000e+01,-3.592357956400000063e+01,-3.579587140400000322e+01
8.214104104100000470e+00,-2.721545087899999871e+01,-3.112055393099999989e+01,-3.612441891600000332e+01,-3.684502315299999964e+01,-3.782754563700000006e+01
8.234114114100000492e+00,-2.738763349299999916e+01,-3.112965270400000151e+01,-3.438578442699999727e+01,-3.633346395600000278e+01,-3.921932314600000069e+01
8.254124124100000515e+00,-2.702709255199999916e+01,-3.034392353300000167e+01,-3.488992248299999943e+01,-3.740197689800000092e+01,-4.333634664299999883e+01
8.274134134100000537e+00,-2.652696514799999861e+01,-3.191221464799999907e+01,-3.352584090199999878e+01,-3.747421051799999958e+01,-4.816600002399999880e+01
8.294144144100000560e+00,-2.655069895999999829e+01,-3.241269458699999717e+01,-3.325494666800000232e+01,-3.816215030299999711e+01,-6.532292486299999723e+01
8.314154154200000590e+00,-2.704262483100000125e+01,-3.275477944600000058e+01,-3.327257154400000161e+01,-4.016530548099999720e+01,-5.257079154299999857e+01
8.334164164200000613e+00,-2.632236192099999883e+01,-3.415270990799999851e+01,-3.396621108899999797e+01,-4.129391626599999654e+01,-4.769767347500000199e+01
8.354174174200000635e+00,-2.656032613600000047e+01,-3.225560889900000205e+01,-3.387547706899999866e+01,-4.082765172300000245e+01,-4.176500633500000248e+01
8.374184184200000658e+00,-2.597274768400000156e+01,-3.317235947700000054e+01,-3.501025759499999879e+01,-4.289172447600000027e+01,-4.350785501600000060e+01
8.394194194200000680e+00,-2.632105620900000176e+01,-3.315996681600000073e+01,-3.617184090700000354e+01,-4.521035364200000117e+01,-4.356157118400000172e+01
8.414204204199998927e+00,-2.567174848999999881e+01,-3.361712916199999768e+01,-3.511746325499999699e+01,-4.577343649499999856e+01,-3.926257996199999667e+01
8.434214214199998949e+00,-2.580138888000000108e+01,-3.485386320100000290e+01,-3.636023317299999746e+01,-4.571985962200000131e+01,-4.090664658200000048e+01
8.454224224199998972e+00,-2.495049479900000122e+01,-3.307723853099999900e+01,-3.821455552799999822e+01,-4.844751569400000335e+01,-4.009325278800000092e+01
8.474234234199998994e+00,-2.574666207900000003e+01,-3.522172436400000350e+01,-4.079273972499999701e+01,-5.122649060799999887e+01,-4.141595973300000111e+01
8.494244244199999017e+00,-2.566815321200000000e+01,-3.470393475699999897e+01,-4.040453939799999716e+01,-5.158529472299999696e+01,-3.886844555900000131e+01
8.514254254300000824e+00,-2.633086353499999888e+01,-3.411690022100000164e+01,-4.241494078699999903e+01,-6.766720471099999656e+01,-3.796561127300000038e+01
8.534264264300000846e+00,-2.693880061400000159e+01,-3.539823028800000060e+01,-4.198078724500000192e+01,-5.478070904100000149e+01,-3.617996588700000160e+01
8.554274274300000869e+00,-2.696968471299999948e+01,-3.468178576599999730e+01,-4.338856290599999710e+01,-5.627688065200000267e+01,-3.539548409100000015e+01
8.574284284300000891e+00,-2.873561713699999842e+01,-3.520871567599999707e+01,-4.050554311599999835e+01,-5.813472259099999917e+01,-3.355825586499999957e+01
8.594294294299999137e+00,-2.855832248300000131e+01,-3.527333022100000193e+01,-4.295624828199999712e+01,-5.518163638099999702e+01,-3.311169424999999933e+01
8.614304304299999160e+00,-2.966618574600000002e+01,-3.925255984399999676e+01,-4.316024976100000288e+01,-6.369804881400000340e+01,-3.191470578499999888e+01
8.634314314299999182e+00,-3.007438876599999844e+01,-3.424522441599999922e+01,-4.246427884199999880e+01,-5.009464806999999809e+01,-3.146281098700000101e+01
8.654324324299999205e+00,-2.941565530200000111e+01,-3.658025579099999902e+01,-4.078915453399999791e+01,-6.380709062599999726e+01,-3.028162143799999839e+01
8.674334334299999227e+00,-3.137401679799999954e+01,-3.758683624300000048e+01,-4.345309420899999964e+01,-5.425860948700000108e+01,-3.002298553099999978e+01
8.694344344299999250e+00,-3.280447327000000257e+01,-3.752026226400000297e+01,-4.015310521300000346e+01,-5.063072932000000037e+01,-2.952522853700000027e+01
8.714354354399999281e+00,-3.115361321700000019e+01,-3.958880520000000303e+01,-4.302667937700000067e+01,-5.572227029300000112e+01,-2.865537424100000052e+01
8.734364364399999303e+00,-3.312380211800000041e+01,-4.494265151100000111e+01,-4.357655132800000075e+01,-6.427256771199999719e+01,-2.864073859699999858e+01
8.754374374399999326e+00,-3.146709616000000054e+01,-3.735287461600000114e+01,-4.006269188800000336e+01,-5.141134717700000323e+01,-2.921669513200000168e+01
8.774384384399999348e+00,-3.120329495400000042e+01,-3.800653675800000286e+01,-3.949029308600000121e+01,-6.543556929000000366e+01,-2.925410735499999859e+01
8.794394394399999371e+00,-3.031589927099999926e+01,-4.044055837599999847e+01,-3.685312002799999931e+01,-4.575164027499999975e+01,-2.839249570300000158e+01
8.814404404399999393e+00,-2.960669148999999933e+01,-3.675453233999999725e+01,-3.697159813999999756e+01,-6.103923176299999653e+01,-2.819328264399999995e+01
8.834414414399999416e+00,-3.079615617600000022e+01,-3.362953330799999918e+01,-3.671664204399999676e+01,-4.723146455199999849e+01,-2.805900432500000008e+01
8.854424424399999438e+00,-3.006386889799999906e+01,-3.588613050699999718e+01,-3.696116650700000150e+01,-4.713438651900000309e+01,-2.873357102399999974e+01
8.874434434399999461e+00,-3.180118366700000010e+01,-3.475048187400000188e+01,-3.758675973100000078e+01,-5.205247734200000309e+01,-2.868999434999999920e+01
8.894444444399999483e+00,-3.098115121000000016e+01,-3.545647535199999822e+01,-3.743361090100000155e+01,-4.327731751999999688e+01,-2.866422591999999980e+01
8.914454454499999514e+00,-3.282372951800000038e+01,-3.453255488300000309e+01,-3.799580269799999854e+01,-4.618442718400000047e+01,-2.793871862299999975e+01
8.934464464499999536e+00,-3.226693264099999681e+01,-3.296467666299999877e+01,-3.760108757799999779e+01,-5.067419089300000223e+01,-2.864006605499999836e+01
8.954474474499999559e+00,-3.325855648200000303e+01,-3.393863749199999802e+01,-3.897881326499999943e+01,-4.919771551499999873e+01,-2.830382700699999887e+01
8.974484484499999581e+00,-4.023157697799999966e+01,-3.626840216400000116e+01,-3.865372007799999921e+01,-4.578686064200000061e+01,-2.852621810799999835e+01
8.994494494499999604e+00,-3.791981179999999796e+01,-3.373205082399999810e+01,-3.782863800599999848e+01,-4.515984191100000089e+01,-2.847372673799999987e+01
9.014504504499999626e+00,-3.875489826300000118e+01,-3.451327057900000028e+01,-4.127132654799999756e+01,-4.854312564300000332e+01,-2.950204823300000001e+01
9.034514514499999649e+00,-3.726073025200000188e+01,-3.197927193099999954e+01,-4.160885069999999786e+01,-4.541654785400000094e+01,-2.963043575100000027e+01
9.054524524499999671e+00,-3.707811963200000349e+01,-3.423482168299999984e+01,-4.117831106599999913e+01,-4.470036905700000318e+01,-2.914736076299999823e+01
9.074534534499999694e+00,-3.906232038999999645e+01,-3.649567961799999694e+01,-4.182597939200000070e+01,-4.221156475000000086e+01,-2.913248205900000087e+01
9.094544544499999716e+00,-3.445378369099999816e+01,-3.590520382100000063e+01,-3.912790788499999906e+01,-4.364951580500000006e+01,-2.997404561400000134e+01
9.114554554599999747e+00,-3.363952385300000003e+01,-3.897455178300000256e+01,-3.797354692700000101e+01,-4.389024811000000170e+01,-3.036253479399999833e+01
9.134564564599999770e+00,-3.639860929599999650e+01,-3.865986694499999743e+01,-3.696668451299999703e+01,-4.208066206699999867e+01,-2.972635824600000021e+01
9.154574574599999792e+00,-3.291904619299999979e+01,-3.970803428699999671e+01,-3.382705843600000151e+01,-4.492966960199999704e+01,-3.088323956500000023e+01
9.174584584599999815e+00,-3.369006353700000034e+01,-4.368375756599999704e+01,-3.631845974200000171e+01,-4.186101406800000291e+01,-3.160989781900000040e+01
9.194594594599999837e+00,-3.236493021100000078e+01,-4.822827330700000203e+01,-3.582636874100000313e+01,-4.250303969800000203e+01,-3.041652806999999825e+01
9.214604604599999860e+00,-3.302788024600000227e+01,-4.493924542799999955e+01,-3.791835701200000130e+01,-4.402542277999999953e+01,-3.349303803099999755e+01
9.234614614599999882e+00,-3.282883567199999675e+01,-4.328236358699999897e+01,-3.725947259800000211e+01,-4.475435093800000175e+01,-3.406499210500000174e+01
9.254624624599999905e+00,-3.331984941799999689e+01,-5.167922831100000280e+01,-3.891172554700000319e+01,-4.152651444800000036e+01,-3.514793483100000060e+01
9.274634634599999927e+00,-2.995608261599999977e+01,-4.078736992799999683e+01,-3.739858463800000266e+01,-3.993428988899999865e+01,-3.485520542700000135e+01
9.294644644599999950e+00,-3.094972335299999955e+01,-4.622210723900000318e+01,-3.984311119400000223e+01,-3.871233800600000308e+01,-3.721910222599999685e+01
9.314654654699999980e+00,-3.015550213399999890e+01,-4.306084222199999800e+01,-3.849778100500000022e+01,-3.909366009400000053e+01,-4.209598327599999834e+01
9.334664664700000003e+00,-3.097641072100000059e+01,-4.219944808300000005e+01,-3.797923392100000228e+01,-4.071023106500000210e+01,-3.999050925299999903e+01
9.354674674700000025e+00,-3.131047096800000062e+01,-3.898122681099999909e+01,-3.385699917699999872e+01,-3.699660274400000048e+01,-4.580907873099999961e+01
9.374684684700000048e+00,-3.181550979900000087e+01,-3.958081250000000040e+01,-3.304372829999999794e+01,-3.703279271800000316e+01,-4.582135064700000271e+01
9.394694694700000070e+00,-3.144271390300000135e+01,-3.365053461200000129e+01,-3.206190181200000211e+01,-4.006973019000000136e+01,-4.666831239399999731e+01
9.414704704700000093e+00,-3.179916018500000163e+01,-3.574093898699999983e+01,-3.113876731399999898e+01,-3.743783699800000164e+01,-4.227427710999999988e+01
9.434714714700000115e+00,-3.231444396399999874e+01,-3.415178692300000307e+01,-3.166242149300000008e+01,-3.674799978899999786e+01,-4.051748907300000013e+01
9.454724724700000138e+00,-3.224373053400000089e+01,-3.491524041699999970e+01,-3.050933784000000060e+01,-3.929815275100000349e+01,-3.813261582900000235e+01
9.474734734700000161e+00,-3.428174109500000100e+01,-3.317426717600000075e+01,-3.017132928399999869e+01,-4.070059532999999874e+01,-3.528850607999999767e+01
9.494744744700000183e+00,-3.428715729299999992e+01,-3.523284967400000056e+01,-3.118391613100000015e+01,-3.848033606799999973e+01,-3.657113934200000216e+01
9.514754754799998437e+00,-3.591189911899999743e+01,-3.387036741200000023e+01,-3.004095908900000111e+01,-4.001345125699999983e+01,-3.377046634100000233e+01
9.534764764799998460e+00,-3.508983929000000046e+01,-3.329833407099999931e+01,-2.985585809499999854e+01,-3.875609732200000224e+01,-3.262173360199999905e+01
9.554774774799998482e+00,-3.562846300999999727e+01,-3.393841325500000039e+01,-2.962688609299999953e+01,-3.746547907899999785e+01,-3.178816781000000091e+01
9.574784784799998505e+00,-3.519985484200000059e+01,-3.284964732800000320e+01,-3.002962381500000077e+01,-3.914975071799999995e+01,-3.228005402699999848e+01
9.594794794799998527e+00,-3.828362536800000271e+01,-3.297308869300000111e+01,-2.978500467199999946e+01,-3.841776790800000185e+01,-3.269908691199999851e+01
9.614804804799998550e+00,-3.778735156900000192e+01,-3.564048759799999999e+01,-2.869677598499999860e+01,-3.971446998799999761e+01,-3.175419435099999887e+01
9.634814814799998572e+00,-4.048185407799999780e+01,-3.480367989900000225e+01,-2.969990652499999939e+01,-4.337122957900000131e+01,-3.229305958100000140e+01
9.654824824799998595e+00,-4.019428733099999818e+01,-3.501800562999999755e+01,-2.856198664200000081e+01,-4.330346057900000289e+01,-3.166178249400000055e+01
9.674834834799998617e+00,-5.503522366100000340e+01,-3.243660310399999958e+01,-2.993122990899999891e+01,-3.900050881800000013e+01,-3.141550268700000004e+01
9.694844844799998640e+00,-4.870829778200000248e+01,-3.608242866799999859e+01,-3.050079188200000146e+01,-4.197516359400000141e+01,-3.087594764800000036e+01
9.714854854900000447e+00,-4.452308096499999834e+01,-3.574526451300000218e+01,-3.187556046999999992e+01,-3.994549392900000129e+01,-3.144998670800000085e+01
9.734864864900000470e+00,-4.100227563300000355e+01,-3.723197186000000158e+01,-3.067982828799999950e+01,-4.391673450500000087e+01,-3.022746597300000104e+01
9.754874874900000492e+00,-3.795390996500000114e+01,-3.458063706200000098e+01,-3.136776340400000151e+01,-4.484121480299999973e+01,-3.135942089099999919e+01
9.774884884899998738e+00,-4.169938812299999853e+01,-3.385675232100000187e+01,-3.228562746000000061e+01,-4.499219622300000054e+01,-2.963180180100000172e+01
9.794894894899998761e+00,-3.646317697799999991e+01,-3.409887833700000215e+01,-3.228462669099999971e+01,-4.637023027200000058e+01,-3.033070524900000109e+01
9.814904904899998783e+00,-3.388259538100000157e+01,-3.880528745600000207e+01,-3.142463523199999997e+01,-4.401246843500000239e+01,-2.971122868000000139e+01
9.834914914899998806e+00,-3.309161091400000032e+01,-3.652412077099999976e+01,-3.372255754100000047e+01,-4.364656110100000319e+01,-3.058067029500000089e+01
9.854924924899998828e+00,-3.063899586699999844e+01,-3.829168999499999870e+01,-3.149167634399999827e+01,-4.711307950999999861e+01,-3.212295533399999670e+01
9.874934934899998851e+00,-3.032949401600000172e+01,-4.261780113799999725e+01,-3.326023986399999899e+01,-4.465453998499999955e+01,-3.352158940099999995e+01
9.894944944899998873e+00,-3.103653906599999956e+01,-4.601181265000000309e+01,-3.200170744700000114e+01,-4.585372606899999681e+01,-3.310960003499999971e+01
9.914954955000000680e+00,-3.168917581199999844e+01,-4.608572445800000139e+01,-3.232084849200000320e+01,-4.088036082899999712e+01,-3.194432005999999902e+01
9.934964965000000703e+00,-2.877986805200000120e+01,-4.701544040400000313e+01,-3.197028134700000024e+01,-4.345268304100000023e+01,-3.569141906899999839e+01
9.954974975000000725e+00,-3.107729263699999933e+01,-4.323616320699999704e+01,-3.089705593800000116e+01,-3.834727614399999851e+01,-3.746413065200000148e+01
9.974984985000000748e+00,-2.892787652999999892e+01,-4.602867713799999905e+01,-3.100089151499999929e+01,-4.111917511200000064e+01,-3.706020882300000352e+01
9.994994995000000770e+00,-3.053755158699999939e+01,-4.547765568399999836e+01,-3.154414303200000091e+01,-3.900960920299999657e+01,-3.689145591999999851e+01
1.001500500500000079e+01,-2.897281686799999889e+01,-4.505012549399999955e+01,-2.965947907299999997e+01,-3.792934228499999705e+01,-3.765751187000000044e+01
1.003501501500000082e+01,-2.871403681800000030e+01,-3.998792784100000119e+01,-3.082206349000000145e+01,-3.658203979099999970e+01,-3.998441744099999795e+01
1.005502502500000084e+01,-3.018318566399999980e+01,-4.698425885000000335e+01,-3.107188961499999991e+01,-3.724426513800000293e+01,-4.271779465699999889e+01
1.007503503500000086e+01,-2.862398660499999892e+01,-4.336636939000000268e+01,-3.237806839600000330e+01,-3.432994838300000140e+01,-4.181587152800000240e+01
1.009504504500000088e+01,-3.345498669999999919e+01,-4.053045137200000170e+01,-3.321924518899999867e+01,-3.611940804399999649e+01,-4.267112891800000085e+01
1.011505505499999913e+01,-3.140541269299999882e+01,-3.552372793600000023e+01,-3.293386369099999911e+01,-3.646777109599999989e+01,-3.864058525600000138e+01
1.013506506499999915e+01,-2.935958301300000173e+01,-5.068659005600000000e+01,-3.486678124299999837e+01,-3.546991499699999650e+01,-3.546253726599999823e+01
1.015507507499999917e+01,-3.017334035600000064e+01,-3.971770589199999790e+01,-3.408891029099999770e+01,-3.621280029799999767e+01,-4.006593617400000085e+01
1.017508508499999920e+01,-3.182362147299999933e+01,-4.015835566300000181e+01,-3.570971260099999967e+01,-3.602569931099999678e+01,-3.794500238399999859e+01
1.019509509499999922e+01,-3.256377817700000321e+01,-3.984224963599999825e+01,-3.486658584399999938e+01,-3.397642005699999856e+01,-3.972489619400000294e+01
1.021510510499999924e+01,-3.231374184100000235e+01,-4.611362302599999907e+01,-3.800723633700000192e+01,-3.792866951999999969e+01,-4.254145346699999664e+01
1.023511511499999926e+01,-3.446783531100000175e+01,-3.851357510399999740e+01,-3.936756498799999804e+01,-3.595937612899999891e+01,-3.858460252799999779e+01
1.025512512499999929e+01,-3.658309610500000275e+01,-3.955349825100000061e+01,-4.105307284100000231e+01,-3.885557924700000143e+01,-4.230704909199999975e+01
1.027513513499999931e+01,-3.747720974100000291e+01,-3.833394508599999995e+01,-3.763062517200000201e+01,-3.560795422900000062e+01,-4.459653346399999663e+01
1.029514514499999933e+01,-4.080764215300000330e+01,-4.041148363399999965e+01,-4.436306314000000128e+01,-3.411980180900000192e+01,-4.216017002000000247e+01
1.031515515499999935e+01,-3.713267535600000002e+01,-4.325091327999999891e+01,-4.336681968199999915e+01,-3.311732243899999872e+01,-4.389865563400000070e+01
1.033516516499999938e+01,-3.990464356900000098e+01,-3.802458767000000250e+01,-4.333238715699999943e+01,-3.162140515200000124e+01,-3.843417412499999841e+01
1.035517517499999940e+01,-3.955070228499999985e+01,-3.440474370199999754e+01,-4.251869300799999962e+01,-3.395179455899999965e+01,-3.772171833200000179e+01
1.037518518499999942e+01,-3.747128430800000132e+01,-3.699250296900000023e+01,-4.189965054999999694e+01,-3.255446362400000027e+01,-3.686635167699999727e+01
1.039519519499999944e+01,-3.901852768199999844e+01,-3.606502734000000032e+01,-4.005201783199999710e+01,-3.253574216799999874e+01,-3.620631863999999922e+01
1.041520520499999947e+01,-3.716873574499999933e+01,-3.435502656700000301e+01,-3.722782356900000167e+01,-3.057809981899999840e+01,-3.446995002100000249e+01
1.043521521499999949e+01,-3.670012591199999719e+01,-3.328751194800000235e+01,-3.513179180099999854e+01,-3.243243621300000257e+01,-3.331211415599999981e+01
1.045522522499999951e+01,-4.663525371800000130e+01,-3.397844849900000241e+01,-3.701735856199999830e+01,-3.293658389499999828e+01,-3.136111035100000066e+01
1.047523523499999953e+01,-3.830938573000000247e+01,-3.377859176399999797e+01,-3.502608256300000278e+01,-3.296271352299999791e+01,-3.181480789100000095e+01
1.049524524499999956e+01,-4.374392845500000249e+01,-3.486573509800000181e+01,-3.524213868100000013e+01,-3.227572241499999706e+01,-3.108423897300000149e+01
1.051525525499999958e+01,-3.961491328799999678e+01,-3.541889459899999792e+01,-3.595633929200000267e+01,-3.366261703499999669e+01,-2.904694210899999973e+01
1.053526526499999960e+01,-4.137363167600000224e+01,-3.070111326199999979e+01,-3.493258256600000067e+01,-3.399579858399999921e+01,-2.911587716100000023e+01
1.055527527499999962e+01,-3.680370580200000319e+01,-3.323809834899999771e+01,-3.244551668399999755e+01,-3.180158528500000159e+01,-2.844020411900000056e+01
1.057528528499999965e+01,-4.893186750299999943e+01,-3.378537531399999949e+01,-3.397646340899999728e+01,-3.245923795099999865e+01,-2.699258107500000037e+01
1.059529529499999967e+01,-3.730434137400000338e+01,-3.091252730900000145e+01,-3.262702376099999668e+01,-3.358498884000000118e+01,-2.651462221199999902e+01
1.061530530499999969e+01,-4.561794617399999652e+01,-3.113338430199999962e+01,-3.573861978200000067e+01,-3.455440554199999781e+01,-2.688208637400000001e+01
1.063531531499999971e+01,-4.959715804100000014e+01,-3.104812842799999828e+01,-3.364990956199999772e+01,-3.352908892199999968e+01,-2.594121428000000051e+01
1.065532532499999974e+01,-4.026308571999999941e+01,-3.129952429600000130e+01,-3.563407925100000284e+01,-3.696225744800000257e+01,-2.623083075399999942e+01
1.067533533499999976e+01,-3.722590292299999959e+01,-3.453044090400000243e+01,-3.349038411299999751e+01,-3.643586233999999990e+01,-2.601171819200000002e+01
1.069534534499999978e+01,-3.762466361999999975e+01,-3.074597981399999824e+01,-3.446394740600000262e+01,-3.573842107400000145e+01,-2.740965522999999848e+01
1.071535535499999980e+01,-3.605126573700000137e+01,-3.268649757400000055e+01,-3.519822726099999954e+01,-3.917622076199999981e+01,-2.642287324699999829e+01
1.073536536499999983e+01,-3.749142798999999826e+01,-2.840191591700000018e+01,-3.501811570299999943e+01,-3.793252375000000143e+01,-2.619306812700000009e+01
1.075537537499999985e+01,-4.296134305300000022e+01,-3.123585136100000170e+01,-3.380210217500000169e+01,-3.774741822299999683e+01,-2.572969924799999930e+01
1.077538538499999987e+01,-4.200599127200000282e+01,-3.752782951900000086e+01,-3.181680046399999995e+01,-3.874285648099999690e+01,-2.743425211399999952e+01
1.079539539499999989e+01,-4.563890586099999780e+01,-2.973997328500000137e+01,-3.182301974299999969e+01,-4.327344532099999697e+01,-2.642063153300000167e+01
1.081540540499999992e+01,-3.803177397099999979e+01,-3.186851624799999882e+01,-3.205000343999999757e+01,-4.070032081899999810e+01,-2.649354991499999912e+01
1.083541541499999994e+01,-3.593823615000000160e+01,-3.181042756300000107e+01,-3.173553799900000172e+01,-4.572474972100000201e+01,-2.675796628000000155e+01
1.085542542499999996e+01,-3.346717932899999681e+01,-3.103191336700000136e+01,-3.050068460099999967e+01,-5.501516789099999727e+01,-2.682549020100000092e+01
1.087543543499999998e+01,-4.855334129799999943e+01,-2.627481574999999836e+01,-3.377276548599999728e+01,-4.064208294000000166e+01,-2.555697516300000061e+01
1.089544544500000001e+01,-3.426373369299999894e+01,-3.001409355399999868e+01,-3.424919008199999837e+01,-4.992084148099999652e+01,-2.872941058199999986e+01
1.091545545500000003e+01,-4.264972882899999718e+01,-2.944643355799999895e+01,-3.570296250100000179e+01,-4.368166100399999863e+01,-2.764341965199999862e+01
1.093546546500000005e+01,-3.647203642299999871e+01,-3.182823131800000027e+01,-3.262539196600000224e+01,-5.463011017600000230e+01,-2.810538623200000075e+01
1.095547547500000007e+01,-3.583496616800000112e+01,-3.361406653400000266e+01,-3.602974114700000285e+01,-3.976641303699999952e+01,-2.844257119699999947e+01
1.097548548500000010e+01,-3.431090837200000010e+01,-3.473700593499999911e+01,-3.360440408499999876e+01,-4.174538616800000312e+01,-3.049106812799999844e+01
1.099549549500000012e+01,-3.619832033299999807e+01,-2.942962658600000125e+01,-3.421556488699999932e+01,-3.602819013399999903e+01,-3.036012819600000157e+01
1.101550550600000022e+01,-3.584812831100000352e+01,-3.510979057099999778e+01,-3.414831846500000267e+01,-4.041941581999999755e+01,-3.035010587500000057e+01
1.103551551600000025e+01,-3.386667968900000147e+01,-3.254895812099999830e+01,-3.506107592099999692e+01,-3.989215766200000246e+01,-3.240815926599999841e+01
1.105552552600000027e+01,-3.249771108400000230e+01,-3.425155346599999717e+01,-3.668148140200000284e+01,-3.778944044400000024e+01,-3.315147627599999680e+01
1.107553553600000029e+01,-2.898254621099999895e+01,-3.056610209400000144e+01,-3.564723678800000073e+01,-3.707334858899999830e+01,-3.376569630299999858e+01
1.109554554600000031e+01,-3.289542372300000039e+01,-2.857066945300000071e+01,-3.189216672699999933e+01,-3.577890084700000273e+01,-3.629415966399999860e+01
1.111555555600000034e+01,-3.153504093999999824e+01,-2.639203926800000133e+01,-3.234948800400000124e+01,-3.466376797299999879e+01,-3.809582376499999867e+01
1.113556556600000036e+01,-3.116939756700000075e+01,-2.881470179000000087e+01,-3.215878936699999713e+01,-3.916336632299999820e+01,-3.696010126499999870e+01
1.115557557600000038e+01,-2.857619747100000041e+01,-2.971562896300000034e+01,-3.028736092300000138e+01,-3.779597159800000128e+01,-3.608859569199999839e+01
1.117558558600000040e+01,-2.583743294299999960e+01,-3.041712185300000115e+01,-3.177175599799999972e+01,-3.850445485400000223e+01,-3.713111611600000117e+01
1.119559559600000043e+01,-2.561855441299999825e+01,-2.880853474299999917e+01,-2.969730921100000032e+01,-3.822019854500000235e+01,-3.685659356400000064e+01
1.121560560600000045e+01,-2.896258673499999858e+01,-2.894206701199999898e+01,-3.188025807300000025e+01,-3.775676358399999799e+01,-3.856416568600000261e+01
1.123561561600000047e+01,-3.001332235799999992e+01,-3.035733233999999925e+01,-3.052592938000000089e+01,-3.522326105700000198e+01,-3.562694668900000039e+01
1.125562562600000049e+01,-2.883951076499999999e+01,-2.723040261799999939e+01,-2.981381205399999956e+01,-3.916768121199999797e+01,-3.992427157699999896e+01
1.127563563600000052e+01,-2.907856722800000071e+01,-2.704440952799999920e+01,-2.854571702300000169e+01,-3.868231823499999678e+01,-4.045595156899999978e+01
1.129564564600000054e+01,-3.210480733100000350e+01,-2.907419569700000039e+01,-2.892242402400000145e+01,-3.804034235099999961e+01,-3.950901662599999753e+01
1.131565565600000056e+01,-3.037463094699999999e+01,-2.859194778399999848e+01,-3.038932029600000106e+01,-3.481719658000000095e+01,-4.312607571899999925e+01
1.133566566600000058e+01,-2.811731431799999825e+01,-2.713239361200000133e+01,-2.899958048999999960e+01,-3.522727484199999992e+01,-3.739541423000000009e+01
1.135567567600000061e+01,-3.011910345700000136e+01,-2.584867969700000145e+01,-2.912200136999999955e+01,-3.945742225600000097e+01,-3.737554512100000181e+01
1.137568568600000063e+01,-3.173002509100000168e+01,-2.766914485899999931e+01,-3.038077403500000173e+01,-4.137071321500000209e+01,-3.219256845299999981e+01
1.139569569600000065e+01,-2.968107628499999961e+01,-2.656932668900000039e+01,-2.941954656800000123e+01,-4.002480814300000134e+01,-3.167701571999999999e+01
1.141570570600000067e+01,-3.208516450500000161e+01,-2.775241626700000097e+01,-3.005614368399999847e+01,-4.214288664000000040e+01,-3.178477656700000153e+01
1.143571571600000070e+01,-3.146361412699999960e+01,-2.664717302000000032e+01,-2.988169320200000101e+01,-4.420446685299999956e+01,-3.073477047700000142e+01
1.145572572600000072e+01,-3.188107594699999936e+01,-2.625359667800000096e+01,-2.959667672999999866e+01,-4.543194041900000002e+01,-2.831799603300000001e+01
1.147573573600000074e+01,-3.357216307499999886e+01,-2.900877140300000079e+01,-2.954410262300000056e+01,-4.052488620900000171e+01,-2.894948309899999828e+01
1.149574574600000076e+01,-3.286198759399999858e+01,-2.552974762699999900e+01,-2.937579737800000146e+01,-5.124175262499999661e+01,-2.943747905100000040e+01
1.151575575600000079e+01,-3.152841012800000087e+01,-2.456674123299999835e+01,-3.010126479199999849e+01,-4.447477408499999996e+01,-2.920615399400000101e+01
1.153576576600000081e+01,-3.429111892499999925e+01,-2.838228257700000157e+01,-2.976788633600000011e+01,-3.910040378200000077e+01,-2.976847927800000093e+01
1.155577577600000083e+01,-3.104849712100000048e+01,-2.815173805699999932e+01,-3.033645813900000121e+01,-3.820247921400000024e+01,-2.888844648999999976e+01
1.157578578600000085e+01,-3.017632029399999993e+01,-2.434099927600000157e+01,-2.923157343100000105e+01,-3.608308546199999967e+01,-2.954059208199999986e+01
1.159579579600000088e+01,-3.174950504399999929e+01,-2.851515271599999934e+01,-3.092949802100000056e+01,-4.070976895599999779e+01,-3.068623175600000152e+01
1.161580580599999912e+01,-3.536089217800000029e+01,-2.745630811199999854e+01,-3.151661618600000025e+01,-3.562910780699999691e+01,-2.795797605399999952e+01
1.163581581599999915e+01,-3.214395605899999708e+01,-2.971272636699999836e+01,-3.189457933899999986e+01,-3.844307353399999982e+01,-2.901878913699999885e+01
1.165582582599999917e+01,-3.142268345400000129e+01,-2.845872533700000062e+01,-3.564359144099999810e+01,-3.852848600600000140e+01,-2.750763936799999954e+01
1.167583583599999919e+01,-3.158280634699999823e+01,-2.915045607600000110e+01,-3.113433548400000106e+01,-3.922125114300000348e+01,-2.541647570299999970e+01
1.169584584599999921e+01,-3.604249708799999752e+01,-3.092207701799999953e+01,-3.127432644499999981e+01,-3.906972456399999771e+01,-2.713953083199999838e+01
1.171585585599999924e+01,-3.379006156399999838e+01,-3.210054081199999843e+01,-3.242456553899999960e+01,-3.723737174699999741e+01,-2.654928100800000124e+01
1.173586586599999926e+01,-2.923843271899999863e+01,-3.269494436099999746e+01,-3.244404570799999732e+01,-3.494698333299999859e+01,-2.681740809500000111e+01
1.175587587599999928e+01,-3.144999290899999878e+01,-3.390873147799999998e+01,-3.063357154499999879e+01,-3.497580099500000017e+01,-2.655300350999999992e+01
1.177588588599999930e+01,-3.578207329899999678e+01,-2.996314317399999894e+01,-3.187925698600000146e+01,-3.865675252799999839e+01,-2.563842971500000090e+01
1.179589589599999933e+01,-3.991900879399999980e+01,-3.385989109199999803e+01,-3.112699140100000150e+01,-3.506466687799999704e+01,-2.574631040399999904e+01
1.181590590599999935e+01,-5.209784542599999924e+01,-3.817934594100000112e+01,-3.313358170200000075e+01,-3.786556206000000202e+01,-2.668657316499999865e+01
1.183591591599999937e+01,-3.775383723699999905e+01,-2.870991345799999905e+01,-3.253375331099999812e+01,-3.736738468499999755e+01,-2.651993915199999918e+01
1.185592592599999939e+01,-4.506108229699999868e+01,-3.048948221599999897e+01,-3.303436808400000047e+01,-3.860084954500000265e+01,-2.756758639599999938e+01
1.187593593599999942e+01,-3.529359068800000188e+01,-3.662305405200000052e+01,-3.106719076199999918e+01,-4.105836682599999676e+01,-2.741345709100000150e+01
1.189594594599999944e+01,-4.489382688900000318e+01,-3.032548019200000056e+01,-2.898261102800000089e+01,-4.002222205599999683e+01,-2.910782743000000039e+01
1.191595595599999946e+01,-4.202619204100000161e+01,-3.804554291899999896e+01,-2.954940155299999915e+01,-3.570619427399999779e+01,-2.686647450299999917e+01
1.193596596599999948e+01,-3.807044828400000114e+01,-3.440320771700000080e+01,-3.149299157800000160e+01,-3.946995918999999731e+01,-2.761070835900000020e+01
1.195597597599999951e+01,-3.945432370000000333e+01,-3.772607990499999886e+01,-2.856850178399999862e+01,-3.695025189599999749e+01,-2.678928681700000070e+01
1.197598598599999953e+01,-3.701178996800000220e+01,-3.161642124600000159e+01,-2.953557506699999990e+01,-3.990819454300000046e+01,-2.686487349300000105e+01
1.199599599599999955e+01,-3.906873956999999820e+01,-3.922865293499999950e+01,-2.841267282300000119e+01,-3.504767533199999718e+01,-2.573485590599999995e+01
1.201600600599999957e+01,-6.800449108700000522e+01,-3.567554987300000136e+01,-2.834810600200000152e+01,-3.494964619900000002e+01,-2.718623729100000119e+01
1.203601601599999960e+01,-3.859250209799999709e+01,-3.226924025000000285e+01,-2.811946992800000089e+01,-3.666841592699999808e+01,-2.788801675199999863e+01
1.205602602599999962e+01,-3.834889600500000029e+01,-4.228052956900000225e+01,-2.770980075099999951e+01,-3.137157745400000053e+01,-2.649464991099999978e+01
1.207603603599999964e+01,-4.652629777500000330e+01,-3.854123281100000042e+01,-2.699748598800000110e+01,-3.463849338899999708e+01,-2.296305823899999865e+01
1.209604604599999966e+01,-3.996703242499999931e+01,-3.809129234299999922e+01,-3.013108046199999990e+01,-3.391626346799999681e+01,-2.535917891700000126e+01
1.211605605599999969e+01,-3.410240338199999854e+01,-4.118889607700000255e+01,-3.059553426500000128e+01,-3.125516047200000003e+01,-2.483475859900000060e+01
1.213606606599999971e+01,-3.582290616800000294e+01,-3.185783786600000056e+01,-2.924922696699999847e+01,-3.007672282500000094e+01,-2.634572926299999907e+01
1.215607607599999973e+01,-3.217214289599999688e+01,-3.898680714399999658e+01,-2.960014255300000130e+01,-3.157202746100000113e+01,-2.560033029599999921e+01
1.217608608599999975e+01,-3.573266240499999924e+01,-4.564115637300000117e+01,-3.027454949599999878e+01,-3.120923594899999998e+01,-2.705545338499999986e+01
1.219609609599999978e+01,-3.907067445500000247e+01,-3.808604855400000133e+01,-3.083186992399999937e+01,-3.145956607200000121e+01,-2.678735653400000061e+01
1.221610610599999980e+01,-3.261953859900000197e+01,-4.328598764800000254e+01,-3.023703387100000128e+01,-3.087124840399999925e+01,-2.769002853900000005e+01
1.223611611599999982e+01,-3.149943051600000032e+01,-3.766332232399999924e+01,-3.049006445099999851e+01,-3.295713265100000200e+01,-2.895109110799999996e+01
1.225612612599999984e+01,-2.977455690000000033e+01,-4.014235776099999953e+01,-3.269013958299999700e+01,-3.190181347300000070e+01,-2.683580246000000002e+01
1.227613613599999987e+01,-2.617935481099999961e+01,-4.731043885399999738e+01,-2.891315222800000129e+01,-3.181849536100000009e+01,-2.942864688199999890e+01
1.229614614599999989e+01,-3.255878961999999888e+01,-4.079050571199999808e+01,-2.924423068899999834e+01,-3.225270722599999829e+01,-2.758330079999999995e+01
1.231615615599999991e+01,-3.968874883200000170e+01,-3.817858358200000168e+01,-2.871443169400000173e+01,-3.306025210399999992e+01,-2.796306884799999892e+01
1.233616616599999993e+01,-2.995208013599999930e+01,-5.364068384200000139e+01,-2.883994941599999962e+01,-3.182881049099999871e+01,-2.899800161900000006e+01
1.235617617599999996e+01,-3.427866449199999721e+01,-4.420818638000000078e+01,-2.860938636799999912e+01,-3.106484557399999957e+01,-3.156814501299999876e+01
1.237618618599999998e+01,-2.630604332600000106e+01,-3.994635003700000198e+01,-2.981500883700000060e+01,-3.335430072999999851e+01,-2.881744844800000038e+01
1.239619619600000000e+01,-3.088225688700000049e+01,-3.606232632399999716e+01,-3.030453177700000111e+01,-3.385645976200000007e+01,-2.691428513900000041e+01
1.241620620600000002e+01,-2.448975239600000009e+01,-3.750288084599999650e+01,-2.915787338100000170e+01,-3.301542780999999849e+01,-2.802026468100000045e+01
1.243621621600000005e+01,-3.406212648599999682e+01,-3.908036650100000031e+01,-2.963874162500000153e+01,-3.330433436399999891e+01,-2.767740641600000018e+01
1.245622622600000007e+01,-2.978341235899999973e+01,-3.655272633999999954e+01,-2.974661146400000078e+01,-3.263750071199999780e+01,-3.098809164200000055e+01
1.247623623600000009e+01,-2.865152008400000128e+01,-3.417103311999999704e+01,-2.947258914500000060e+01,-3.336535127500000186e+01,-3.135037946699999978e+01
1.249624624600000011e+01,-2.473519587199999847e+01,-3.491134528999999986e+01,-3.019812617599999882e+01,-3.582720733000000024e+01,-2.860548101899999907e+01
1.251625625600000014e+01,-2.876552338400000153e+01,-3.966462395100000293e+01,-3.049931476700000132e+01,-3.466368301600000024e+01,-3.047731208800000147e+01
1.253626626600000016e+01,-2.599381130900000159e+01,-5.371799791299999782e+01,-3.138722455399999944e+01,-3.661055920799999797e+01,-2.923100671199999923e+01
1.255627627600000018e+01,-3.209182074900000003e+01,-3.322726459100000085e+01,-3.096511313099999896e+01,-3.730712033999999733e+01,-2.745276043499999830e+01
1.257628628600000020e+01,-3.432621850299999977e+01,-3.632768289100000203e+01,-3.044201944199999943e+01,-3.579398852199999936e+01,-2.803041018700000109e+01
1.259629629600000023e+01,-3.109349426500000035e+01,-3.841813725200000107e+01,-3.242664579099999855e+01,-3.875304558399999877e+01,-2.924421819699999858e+01
1.261630630600000025e+01,-3.544430715299999690e+01,-4.566724535699999876e+01,-3.087911238099999878e+01,-3.870415988500000282e+01,-3.213511911399999832e+01
1.263631631600000027e+01,-2.912548188199999899e+01,-5.221248648200000275e+01,-3.186463471300000094e+01,-4.824101015299999773e+01,-3.177060147999999984e+01
1.265632632600000029e+01,-2.747541693699999854e+01,-4.280073388600000328e+01,-3.468480128200000223e+01,-4.841634406699999715e+01,-3.446561079199999966e+01
1.267633633600000032e+01,-2.821392755600000157e+01,-3.960315320099999781e+01,-3.058994096500000026e+01,-5.082652741199999724e+01,-3.831120519699999960e+01
1.269634634600000034e+01,-2.989559898199999921e+01,-3.743613503299999934e+01,-3.565613253299999741e+01,-4.610436479399999854e+01,-3.404662236200000081e+01
1.271635635600000036e+01,-2.988802221199999920e+01,-3.983988794300000080e+01,-3.587683840900000121e+01,-3.992665406599999756e+01,-3.802243363000000187e+01
1.273636636600000038e+01,-3.027382197100000027e+01,-4.835902176199999758e+01,-3.777278321899999725e+01,-4.220197888100000227e+01,-3.536588644700000117e+01
1.275637637600000041e+01,-2.659963169599999944e+01,-3.394815574599999763e+01,-3.227371749800000345e+01,-4.063480392700000010e+01,-3.435772910099999677e+01
1.277638638600000043e+01,-3.424949675399999904e+01,-3.590375513499999727e+01,-3.191028708700000038e+01,-6.408284772099999316e+01,-3.201112242199999969e+01
1.279639639600000045e+01,-2.805576161400000146e+01,-3.468066844900000234e+01,-3.373693578900000034e+01,-3.565501679100000132e+01,-3.402922316299999750e+01
1.281640640600000047e+01,-4.780469052200000135e+01,-3.931280464400000341e+01,-4.000875182699999755e+01,-3.895097961100000106e+01,-3.244725318599999753e+01
1.283641641600000050e+01,-3.620035489800000050e+01,-3.237095375799999886e+01,-4.634172569399999730e+01,-5.002669954200000291e+01,-3.116367266099999966e+01
1.285642642600000052e+01,-3.371016192300000114e+01,-3.779023527799999727e+01,-4.933006247200000161e+01,-4.581200848699999995e+01,-2.973457477599999876e+01
1.287643643600000054e+01,-2.989247200599999843e+01,-3.913691236900000092e+01,-4.791472677800000213e+01,-4.256505966699999988e+01,-3.218092257800000056e+01
1.289644644600000056e+01,-3.478419141900000255e+01,-4.548231766199999981e+01,-5.038012060500000189e+01,-3.879170871699999879e+01,-3.375852497399999663e+01
1.291645645600000059e+01,-3.115479442899999896e+01,-3.455223685800000055e+01,-4.530865377100000302e+01,-3.698381272700000011e+01,-3.407928789500000022e+01
1.293646646600000061e+01,-3.046264336999999855e+01,-5.287094445200000337e+01,-4.407219026300000309e+01,-3.565381324199999824e+01,-3.098066501699999975e+01
1.295647647600000063e+01,-3.212517246800000237e+01,-3.540263932100000233e+01,-4.067354972399999724e+01,-4.118218411699999848e+01,-3.132408912400000034e+01
1.297648648600000065e+01,-4.121448664999999778e+01,-3.994703565399999690e+01,-4.594712714399999953e+01,-3.302618235700000326e+01,-3.046902729500000007e+01
1.299649649600000068e+01,-3.500554764599999658e+01,-4.161460379100000040e+01,-5.045174019400000276e+01,-3.198377134800000121e+01,-3.067123047999999841e+01
1.301650650700000078e+01,-2.947450989500000063e+01,-4.087178954600000225e+01,-4.074944358599999816e+01,-3.268612591299999792e+01,-3.019551238400000059e+01
1.303651651700000080e+01,-3.653589790499999879e+01,-3.588044278000000276e+01,-3.669091777599999915e+01,-2.998070636699999980e+01,-3.201083335700000276e+01
1.305652652700000083e+01,-3.707974444799999958e+01,-3.298552272100000238e+01,-4.055755042700000246e+01,-3.137850208600000101e+01,-2.850829490499999963e+01
1.307653653700000085e+01,-3.136805225100000172e+01,-3.223725553799999943e+01,-3.106586429500000079e+01,-3.019219279500000042e+01,-2.895228899900000030e+01
1.309654654700000087e+01,-3.670451748600000030e+01,-4.039555063200000262e+01,-3.324817092199999990e+01,-3.125791013299999932e+01,-3.333287926799999923e+01
1.311655655699999912e+01,-2.968713437899999974e+01,-3.367860275099999967e+01,-3.774815114500000135e+01,-2.916189039700000052e+01,-3.560249208199999771e+01
1.313656656699999914e+01,-3.447587725700000050e+01,-3.462575392000000107e+01,-2.935604759399999963e+01,-3.189419497300000117e+01,-3.390945012600000297e+01
1.315657657699999916e+01,-4.109565878800000149e+01,-3.942427175600000311e+01,-2.984982673300000044e+01,-3.059559245599999855e+01,-3.572189209500000118e+01
1.317658658699999918e+01,-3.839586892500000204e+01,-3.135166292999999982e+01,-3.028648983700000130e+01,-3.410807888600000126e+01,-3.156179483500000060e+01
1.319659659699999921e+01,-4.332042273199999727e+01,-5.286565321199999801e+01,-2.796391191200000037e+01,-3.247812016599999652e+01,-2.937269773099999881e+01
1.321660660699999923e+01,-3.227294323999999648e+01,-3.416823786599999835e+01,-2.876549540599999943e+01,-3.760807160200000254e+01,-3.204358370500000319e+01
1.323661661699999925e+01,-4.331091721399999983e+01,-3.286385666000000327e+01,-3.033904554800000142e+01,-3.592822800700000130e+01,-3.492931928400000174e+01
1.325662662699999927e+01,-3.698933798699999898e+01,-3.626392472599999905e+01,-3.001339649499999851e+01,-3.367751099800000247e+01,-3.880669989700000144e+01
1.327663663699999930e+01,-3.947382923199999993e+01,-3.233535622499999818e+01,-2.904619614099999936e+01,-3.631086728500000049e+01,-3.089415454999999966e+01
1.329664664699999932e+01,-3.809770030600000013e+01,-2.922212273399999916e+01,-2.978314887799999866e+01,-3.060758701600000009e+01,-3.183697573999999975e+01
1.331665665699999934e+01,-3.106795567600000041e+01,-2.889880710799999974e+01,-3.048303519699999953e+01,-3.333569455699999651e+01,-3.388187467200000214e+01
1.333666666699999936e+01,-4.044827832600000050e+01,-3.246411043100000171e+01,-3.042784494500000037e+01,-3.337365617799999740e+01,-3.114798708500000046e+01
1.335667667699999939e+01,-3.066512810700000102e+01,-3.000151982399999895e+01,-2.752870160499999841e+01,-3.400324101500000040e+01,-3.328904028499999868e+01
1.337668668699999941e+01,-3.357667595699999907e+01,-3.372382987400000331e+01,-3.068670063000000070e+01,-2.701852656899999872e+01,-3.375242188299999668e+01
1.339669669699999943e+01,-4.080787647100000015e+01,-3.698715150099999960e+01,-3.133090517899999838e+01,-3.297545808999999650e+01,-3.165025564999999830e+01
1.341670670699999945e+01,-2.892209974800000083e+01,-3.683968198600000221e+01,-2.978662216300000054e+01,-3.296138896000000074e+01,-3.560103386600000164e+01
1.343671671699999948e+01,-4.119481219000000038e+01,-3.372006183300000259e+01,-2.948404931900000037e+01,-3.253864215800000181e+01,-3.524624025600000010e+01
1.345672672699999950e+01,-4.341482119900000214e+01,-2.980120586099999969e+01,-2.951052570499999916e+01,-3.432405099799999704e+01,-3.060374988299999899e+01
1.347673673699999952e+01,-3.883461929100000276e+01,-3.549338184799999851e+01,-3.275686216199999734e+01,-3.056903666699999889e+01,-3.756122115699999853e+01
1.349674674699999954e+01,-4.265164846500000095e+01,-3.754050468399999829e+01,-2.932341544699999858e+01,-3.332785754999999739e+01,-3.285483214500000315e+01
1.351675675699999957e+01,-3.720124739199999908e+01,-2.378543766099999957e+01,-3.214961718899999710e+01,-3.406034478299999790e+01,-3.716220043799999928e+01
1.353676676699999959e+01,-3.840351539499999944e+01,-3.624780941099999865e+01,-3.089755660200000165e+01,-3.594695048300000195e+01,-3.003428020500000173e+01
1.355677677699999961e+01,-3.341846592699999974e+01,-4.280019631300000071e+01,-3.131227369300000163e+01,-3.499844361099999901e+01,-3.095610109900000140e+01
1.357678678699999963e+01,-3.430813142200000243e+01,-3.618767764300000067e+01,-3.781862266000000261e+01,-3.969223838999999998e+01,-3.391741532000000348e+01
1.359679679699999966e+01,-4.538039490500000284e+01,-3.396262802399999714e+01,-3.687171748899999812e+01,-3.568627188699999664e+01,-3.618034858899999762e+01
1.361680680699999968e+01,-4.080281098900000103e+01,-3.263502528899999788e+01,-3.102968871799999917e+01,-3.853352646700000150e+01,-3.123369910399999938e+01
1.363681681699999970e+01,-5.010475311500000117e+01,-4.207029278800000327e+01,-3.509327724100000268e+01,-3.598303006100000090e+01,-3.301070603600000197e+01
1.365682682699999972e+01,-3.889900471199999998e+01,-3.525606729500000114e+01,-3.296918996499999821e+01,-4.819022719899999885e+01,-3.456305629799999934e+01
1.367683683699999975e+01,-4.090669436900000022e+01,-3.107173527699999838e+01,-3.222036349900000118e+01,-3.715443443400000234e+01,-3.375957560500000199e+01
1.369684684699999977e+01,-5.482859558900000252e+01,-4.143766948999999755e+01,-3.288919517099999723e+01,-3.493188466699999850e+01,-3.008022928899999826e+01
1.371685685699999979e+01,-2.990657486799999987e+01,-2.991866783900000115e+01,-2.923724206900000055e+01,-3.635761698299999978e+01,-3.374300108700000322e+01
1.373686686699999981e+01,-4.716442348500000037e+01,-4.891257879599999825e+01,-3.237185691599999871e+01,-4.626001808400000215e+01,-3.372370398200000352e+01
1.375687687699999984e+01,-3.787129173699999996e+01,-4.400456811600000151e+01,-2.906131732400000089e+01,-3.809223728999999992e+01,-2.994797823200000053e+01
1.377688688699999986e+01,-3.228377154999999732e+01,-3.064694815900000080e+01,-2.774478899400000032e+01,-4.001424415399999646e+01,-3.701144674799999734e+01
1.379689689699999988e+01,-4.695975235899999944e+01,-4.667732020100000057e+01,-2.884519192300000157e+01,-3.996547930500000234e+01,-3.034218328900000117e+01
1.381690690699999990e+01,-3.648052810899999798e+01,-4.508032275099999708e+01,-3.068709670399999823e+01,-3.894206253299999787e+01,-3.266746268600000036e+01
1.383691691699999993e+01,-3.882101505800000041e+01,-3.118242603899999921e+01,-3.216208042699999936e+01,-3.945575831499999708e+01,-3.311688352600000229e+01
1.385692692699999995e+01,-4.957155706000000350e+01,-4.181670569300000295e+01,-2.966739967199999839e+01,-3.606996507200000224e+01,-2.751501725099999973e+01
1.387693693699999997e+01,-3.288538509600000026e+01,-3.704782059099999714e+01,-2.959102031899999830e+01,-3.632314666500000300e+01,-2.809029023200000097e+01
1.389694694699999999e+01,-5.239831289300000350e+01,-3.826095380600000340e+01,-2.927302126400000049e+01,-3.939183616999999771e+01,-3.043550385500000033e+01
1.391695695700000002e+01,-3.606764992200000108e+01,-3.548994347099999658e+01,-2.707399198699999943e+01,-4.101378287899999719e+01,-2.748565341600000167e+01
1.393696696700000004e+01,-4.352511391200000190e+01,-3.810073248799999845e+01,-2.946911985399999878e+01,-3.326008870199999734e+01,-2.863893901000000142e+01
1.395697697700000006e+01,-4.235005859700000030e+01,-4.208729405300000082e+01,-2.947249071399999920e+01,-3.616350226299999804e+01,-2.445094856800000116e+01
1.397698698700000008e+01,-3.163065648399999930e+01,-3.383687432699999675e+01,-3.052815530199999827e+01,-4.047627807399999966e+01,-2.590745327899999850e+01
1.399699699700000011e+01,-3.563296140900000353e+01,-3.028206181799999896e+01,-2.991812806000000080e+01,-3.897416257199999734e+01,-2.586862246300000123e+01
1.401700700700000013e+01,-3.581929310099999952e+01,-3.484743063199999824e+01,-3.207453721099999910e+01,-3.581939582799999755e+01,-2.430165629900000113e+01
1.403701701700000015e+01,-4.755684926499999676e+01,-3.851267822799999863e+01,-3.381252906499999966e+01,-3.232173882899999739e+01,-2.467029470800000013e+01
1.405702702700000017e+01,-3.661606102100000015e+01,-3.136475342399999988e+01,-3.057709771000000032e+01,-4.062573643199999651e+01,-2.432698918499999863e+01
1.407703703700000020e+01,-2.756626223499999995e+01,-4.493278565899999677e+01,-3.416124635500000295e+01,-3.871897638600000136e+01,-2.571028537700000172e+01
1.409704704700000022e+01,-3.989017852799999986e+01,-3.231775196899999969e+01,-3.387944539800000143e+01,-3.221027066700000319e+01,-2.324445331500000123e+01
1.411705705700000024e+01,-4.058911141299999770e+01,-2.466073680699999926e+01,-3.033018930800000135e+01,-3.006927503100000010e+01,-2.819199708100000024e+01
1.413706706700000026e+01,-3.167365615900000009e+01,-3.758635433900000322e+01,-3.216044675999999924e+01,-3.395461202700000314e+01,-2.973710542499999931e+01
1.415707707700000029e+01,-3.746385057100000182e+01,-2.817846238799999981e+01,-3.201696837200000090e+01,-3.289750116999999818e+01,-2.783328511099999858e+01
1.417708708700000031e+01,-3.460036376400000080e+01,-3.624769330899999886e+01,-2.837911225899999934e+01,-3.229846032399999700e+01,-2.527030819100000159e+01
1.419709709700000033e+01,-3.750418787600000314e+01,-3.398635377299999760e+01,-3.083920321000000087e+01,-3.803632986000000216e+01,-2.571277824399999901e+01
1.421710710700000035e+01,-3.926263661800000193e+01,-3.663336635200000302e+01,-3.264381241200000261e+01,-4.090386929400000326e+01,-2.440138834700000103e+01
1.423711711700000038e+01,-3.159299253600000057e+01,-2.994094242899999969e+01,-3.190254909100000091e+01,-3.204050820399999822e+01,-2.511242480299999968e+01
1.425712712700000040e+01,-3.409003007100000104e+01,-3.611957676699999809e+01,-2.959744967500000001e+01,-3.689592672100000215e+01,-2.765435155100000131e+01
1.427713713700000042e+01,-4.719207275400000157e+01,-3.764543229200000241e+01,-2.913829807600000166e+01,-3.655965233799999936e+01,-2.564372836400000111e+01
1.429714714700000044e+01,-3.076543642500000075e+01,-3.696457599000000016e+01,-3.245505363400000221e+01,-5.166498262199999658e+01,-2.562765149100000173e+01
1.431715715700000047e+01,-3.810978727100000185e+01,-3.912755341999999814e+01,-2.974734889400000171e+01,-3.462437062000000054e+01,-2.482125395999999995e+01
1.433716716700000049e+01,-5.517617442800000305e+01,-3.325849976199999958e+01,-2.775545261899999971e+01,-3.935478316700000079e+01,-2.365598855600000050e+01
1.435717717700000051e+01,-3.469070659100000142e+01,-3.599846259000000259e+01,-2.907819083900000123e+01,-3.130330434400000073e+01,-2.522946273699999864e+01
1.437718718700000053e+01,-4.633348653699999886e+01,-4.086739979000000034e+01,-2.948667355799999967e+01,-3.529789301499999965e+01,-2.923669638599999843e+01
1.439719719700000056e+01,-2.598318272599999901e+01,-3.935771053199999869e+01,-3.007746865200000030e+01,-3.179735163899999861e+01,-2.539119659500000026e+01
1.441720720700000058e+01,-5.107181918300000234e+01,-4.181117667299999852e+01,-3.232689152999999749e+01,-3.138765894599999839e+01,-2.920598029699999998e+01
1.443721721700000060e+01,-3.968027496100000207e+01,-3.904082386299999996e+01,-2.939174740200000002e+01,-3.557986258999999762e+01,-2.211147031499999827e+01
1.445722722700000062e+01,-4.029438145099999957e+01,-3.802598496299999908e+01,-2.812034067200000109e+01,-3.539384358600000269e+01,-2.571368581999999847e+01
1.447723723700000065e+01,-2.690528676499999960e+01,-4.134191579200000177e+01,-2.959415510699999885e+01,-3.242581023900000048e+01,-2.448181867499999953e+01
1.449724724700000067e+01,-3.484062552799999679e+01,-3.711284946499999648e+01,-3.078257521999999824e+01,-3.226064290000000057e+01,-2.784272057100000097e+01
1.451725725700000069e+01,-4.150535524000000009e+01,-3.826416093999999646e+01,-2.756870517799999831e+01,-3.572547031100000225e+01,-2.792323113200000151e+01
1.453726726700000071e+01,-3.297934347300000013e+01,-3.626537333099999927e+01,-3.108337056199999893e+01,-3.787889589699999959e+01,-3.980223962600000220e+01
1.455727727700000074e+01,-3.551525099999999924e+01,-5.514900903000000199e+01,-3.595795824199999657e+01,-3.746039032699999893e+01,-2.837808505199999942e+01
1.457728728700000076e+01,-4.612864696599999803e+01,-2.604719432199999929e+01,-3.249956064599999905e+01,-3.889871600899999748e+01,-2.073223510200000064e+01
1.459729729700000078e+01,-3.908095315999999997e+01,-4.514646423599999991e+01,-2.981719026200000044e+01,-3.538029293299999978e+01,-3.095599476900000013e+01
1.461730730700000080e+01,-4.355250182999999708e+01,-3.062467818100000017e+01,-3.510959308500000020e+01,-3.844315516000000343e+01,-3.360105208800000298e+01
1.463731731700000083e+01,-5.271846087699999828e+01,-4.012770750600000014e+01,-3.144431794100000133e+01,-4.270645823200000279e+01,-3.397622666499999866e+01
1.465732732700000085e+01,-3.739523673099999712e+01,-3.569500876499999720e+01,-3.264866026800000043e+01,-3.917254819899999774e+01,-2.989013955600000116e+01
1.467733733700000087e+01,-4.285585654399999811e+01,-3.967863151600000293e+01,-3.154150092700000130e+01,-2.926541966199999933e+01,-2.868985504799999831e+01
1.469734734699999912e+01,-3.244169175999999766e+01,-4.052664091900000187e+01,-3.044346184999999849e+01,-4.650819196599999827e+01,-3.026962003699999926e+01
1.471735735699999914e+01,-4.642566818299999909e+01,-3.711912259100000000e+01,-3.656255964300000016e+01,-3.707596906199999864e+01,-2.809434399499999913e+01
1.473736736699999916e+01,-5.892390546800000095e+01,-3.671342954899999711e+01,-2.951254981599999994e+01,-3.348599394099999671e+01,-3.098223890299999894e+01
1.475737737699999919e+01,-4.584349959299999711e+01,-4.399775605600000006e+01,-3.473399922899999837e+01,-5.533719989800000150e+01,-4.275087759899999895e+01
1.477738738699999921e+01,-4.843252563000000066e+01,-3.559525072400000312e+01,-3.734269165999999984e+01,-4.176903652099999675e+01,-2.992013817699999834e+01
1.479739739699999923e+01,-3.812391398999999836e+01,-3.110384310099999894e+01,-2.805815982300000044e+01,-3.346535579199999688e+01,-3.484920172399999672e+01
1.481740740699999925e+01,-4.586472055800000192e+01,-5.314251036800000350e+01,-3.348789068500000354e+01,-4.066648412199999996e+01,-4.519168545400000170e+01
1.483741741699999928e+01,-3.314153088399999803e+01,-4.719487562700000183e+01,-3.032726335099999915e+01,-4.891683797999999683e+01,-2.838833603499999825e+01
1.485742742699999930e+01,-4.565055432199999785e+01,-3.256483769799999806e+01,-3.428187195999999659e+01,-3.182076063099999885e+01,-3.394338662199999845e+01
1.487743743699999932e+01,-3.937846511099999702e+01,-3.628312059900000008e+01,-3.141592488899999935e+01,-4.177223801299999906e+01,-3.024987688099999872e+01
1.489744744699999934e+01,-3.335251210300000224e+01,-3.661262446300000306e+01,-3.147914033500000031e+01,-4.685092928699999959e+01,-3.121415627000000015e+01
1.491745745699999937e+01,-3.402350819499999801e+01,-3.009858865100000003e+01,-3.317266061899999841e+01,-4.081977462900000120e+01,-2.966649355199999860e+01
1.493746746699999939e+01,-4.185082487100000037e+01,-2.863339942800000060e+01,-3.371011309899999731e+01,-3.484020733500000233e+01,-2.649537945200000166e+01
1.495747747699999941e+01,-3.385426154400000343e+01,-4.138311504499999671e+01,-3.984679228600000300e+01,-3.600692614300000116e+01,-2.348128083900000007e+01
1.497748748699999943e+01,-4.281027809900000136e+01,-3.777508118000000081e+01,-3.417117178699999869e+01,-4.300796942699999903e+01,-2.734271194300000118e+01
1.499749749699999946e+01,-2.495878768200000053e+01,-3.818790261600000235e+01,-3.181455615100000145e+01,-4.067083634200000120e+01,-2.434531720800000087e+01
1.501750750799999956e+01,-3.438667595500000118e+01,-3.355739151000000220e+01,-3.546613944100000282e+01,-3.689369072400000249e+01,-3.056636821700000084e+01
1.503751751799999958e+01,-2.779898439100000118e+01,-3.144229980600000118e+01,-3.565279694499999863e+01,-2.860706782300000128e+01,-3.121865192899999997e+01
1.505752752799999961e+01,-4.963851345799999848e+01,-4.512030535200000259e+01,-3.594659384700000260e+01,-3.217223208899999776e+01,-2.773170796999999865e+01
1.507753753799999963e+01,-3.624281483000000037e+01,-3.543773258899999945e+01,-3.120776583700000018e+01,-3.745792065700000251e+01,-2.777155421300000171e+01
1.509754754799999965e+01,-4.469237717000000032e+01,-4.151962659699999847e+01,-3.302282605599999954e+01,-3.743311976500000071e+01,-2.691683530399999924e+01
1.511755755799999967e+01,-3.089559058300000061e+01,-2.921400944399999844e+01,-3.321124289400000151e+01,-3.487243119699999738e+01,-3.292764659699999896e+01
1.513756756799999970e+01,-3.786432891900000186e+01,-4.291623048900000015e+01,-3.410383599099999685e+01,-3.338897243000000259e+01,-2.838387485299999824e+01
1.515757757799999972e+01,-5.115709172599999732e+01,-3.217717568399999806e+01,-3.545044033100000291e+01,-3.159367810299999846e+01,-3.052917031799999847e+01
1.517758758799999974e+01,-3.835224996600000225e+01,-1.697303222300000058e+01,-3.047704411899999855e+01,-2.613942556800000006e+01,-3.055743555000000100e+01
1.519759759799999976e+01,-3.298676218899999668e+01,-2.319488914500000121e+01,-2.871351885600000031e+01,-3.140453730200000138e+01,-2.925361514600000135e+01
1.521760760799999979e+01,-3.595739748500000132e+01,-4.492229391099999702e+01,-3.174421675600000015e+01,-3.130035180200000156e+01,-3.218758204299999903e+01
1.523761761799999981e+01,-4.190846707099999691e+01,-3.610577875300000272e+01,-3.276975876200000215e+01,-3.933707246600000218e+01,-3.173572575500000070e+01
1.525762762799999983e+01,-3.984882787800000159e+01,-4.316074611100000169e+01,-3.070803474199999883e+01,-4.496768195300000315e+01,-3.190360599499999950e+01
1.527763763799999985e+01,-4.191507700900000088e+01,-3.171279929700000011e+01,-2.733965591500000158e+01,-3.085324005300000039e+01,-3.719285879400000283e+01
1.529764764799999988e+01,-3.961499841199999850e+01,-3.554627723499999803e+01,-2.799980465300000176e+01,-4.373165907300000299e+01,-3.505505576899999909e+01
1.531765765799999990e+01,-4.772723413300000317e+01,-3.842811942099999811e+01,-2.879163910500000156e+01,-3.843200987899999888e+01,-2.976056673600000124e+01
1.533766766799999992e+01,-3.523657102300000332e+01,-3.576171489899999756e+01,-3.029465570700000043e+01,-4.161063537900000142e+01,-3.612346019900000016e+01
1.535767767799999994e+01,-4.240118284799999770e+01,-2.339417995299999831e+01,-2.724209639200000055e+01,-3.768561761299999802e+01,-3.460350842300000096e+01
1.537768768799999997e+01,-4.697549601299999722e+01,-3.721021485800000050e+01,-3.041034752699999899e+01,-4.044222672099999727e+01,-3.299149740000000008e+01
1.539769769799999999e+01,-3.221333488300000170e+01,-3.635672096300000078e+01,-2.601952231199999943e+01,-4.162602771600000295e+01,-3.196612235599999963e+01
1.541770770800000001e+01,-4.693873512199999709e+01,-5.628989088099999805e+01,-2.804508910999999927e+01,-3.237586535799999865e+01,-2.554783779499999952e+01
1.543771771800000003e+01,-2.813291952999999879e+01,-2.617316749900000161e+01,-2.578170567200000107e+01,-3.801929333700000058e+01,-3.198346537000000112e+01
1.545772772800000006e+01,-2.439695520400000106e+01,-3.992845199500000319e+01,-2.866365562800000077e+01,-3.792243418200000349e+01,-3.192961477000000059e+01
1.547773773800000008e+01,-6.528823251900000457e+01,-4.231163369299999744e+01,-2.605056157699999986e+01,-3.415194962399999667e+01,-3.057610734700000066e+01
1.549774774800000010e+01,-3.498305479399999740e+01,-4.461413378099999960e+01,-3.038357335899999967e+01,-3.538014591400000342e+01,-3.439037089699999683e+01
1.551775775800000012e+01,-3.429272060699999969e+01,-3.962363624299999998e+01,-2.966332017299999890e+01,-3.880130844499999654e+01,-2.665126926699999999e+01
1.553776776800000015e+01,-3.335955435200000352e+01,-2.772871359000000169e+01,-2.856434343600000147e+01,-3.271402676200000315e+01,-2.698958757600000169e+01
1.555777777800000017e+01,-3.124873367800000068e+01,-3.815564934199999669e+01,-3.265025749200000149e+01,-3.052774486999999937e+01,-2.959385039800000072e+01
1.557778778800000019e+01,-3.850258982799999785e+01,-3.434779862599999944e+01,-3.017183872700000080e+01,-3.307612422599999746e+01,-2.978158795199999886e+01
1.559779779800000021e+01,-4.052281651100000204e+01,-4.991078682399999877e+01,-2.885302075499999930e+01,-3.300658880900000014e+01,-3.829589554100000015e+01
1.561780780800000024e+01,-3.973237266999999662e+01,-3.382533525899999916e+01,-3.145764685800000038e+01,-3.363290810899999883e+01,-3.079555198599999954e+01
1.563781781800000026e+01,-3.129659665499999832e+01,-6.001230246400000112e+01,-3.100235693600000175e+01,-3.227854336800000112e+01,-1.997720018600000103e+01
1.565782782800000028e+01,-3.365359656300000069e+01,-3.796415411099999915e+01,-3.085288743899999986e+01,-3.668078703799999829e+01,-2.857717694800000174e+01
1.567783783800000030e+01,-2.882166508899999968e+01,-3.523232349100000249e+01,-3.171247079300000138e+01,-3.945087838300000271e+01,-3.433269164600000067e+01
1.569784784800000033e+01,-4.083123706800000008e+01,-3.719448084700000123e+01,-2.885802179499999909e+01,-4.019374486400000279e+01,-1.751210350799999915e+01
1.571785785800000035e+01,-3.466997921699999807e+01,-4.253400373600000250e+01,-3.610843837099999831e+01,-3.698875848299999802e+01,-2.526360777600000063e+01
1.573786786800000037e+01,-3.936703625199999834e+01,-3.248538082000000315e+01,-3.398851244000000094e+01,-3.597476809399999809e+01,-2.691846655899999874e+01
1.575787787800000039e+01,-3.678890668999999747e+01,-3.456342637200000212e+01,-3.658802300699999677e+01,-2.808814389400000167e+01,-3.024648376700000085e+01
1.577788788800000042e+01,-3.404089001199999842e+01,-4.397326689999999871e+01,-3.275123036299999768e+01,-3.862794542500000006e+01,-2.732180992800000041e+01
1.579789789800000044e+01,-2.626595169499999827e+01,-2.819543853200000072e+01,-3.152791857000000064e+01,-2.863169460099999952e+01,-2.240310712200000154e+01
1.581790790800000046e+01,-4.775466279300000139e+01,-3.220827271699999983e+01,-3.623515408499999779e+01,-2.992880366700000039e+01,-2.393446158800000134e+01
1.583791791800000048e+01,-4.796160050099999950e+01,-2.782688195100000073e+01,-2.972346265299999857e+01,-3.095260991299999986e+01,-2.477524328899999873e+01
1.585792792800000051e+01,-2.694207109499999930e+01,-3.933688097600000333e+01,-2.731625695500000006e+01,-3.689275336699999741e+01,-2.453333719000000102e+01
1.587793793800000053e+01,-3.524670640699999780e+01,-4.206616116400000038e+01,-3.332780544300000258e+01,-3.499609859200000272e+01,-2.295777585900000162e+01
1.589794794800000055e+01,-4.018255945599999990e+01,-5.735755761099999717e+01,-2.825052336999999980e+01,-3.666135764599999902e+01,-2.508849757999999852e+01
1.591795795800000057e+01,-3.101865977099999938e+01,-3.532626480300000082e+01,-2.710177552500000075e+01,-3.495641179999999792e+01,-2.344492987499999970e+01
1.593796796800000060e+01,-3.304245925099999681e+01,-3.687320150099999694e+01,-2.908057554000000167e+01,-3.394176489600000224e+01,-2.152042520299999850e+01
1.595797797800000062e+01,-3.290409900200000237e+01,-3.094471734600000090e+01,-2.881613888600000095e+01,-3.436839580499999869e+01,-2.499047052299999905e+01
1.597798798800000064e+01,-3.445356459100000279e+01,-4.021852014000000253e+01,-2.516097567799999979e+01,-3.011700350699999973e+01,-2.846520209899999898e+01
1.599799799800000066e+01,-3.005769850300000101e+01,-2.279892916800000080e+01,-2.595485091200000127e+01,-3.433856981099999928e+01,-2.430884797199999880e+01
1.601800800799999891e+01,-3.358228973899999659e+01,-2.934543451700000105e+01,-2.553062538000000004e+01,-2.989797644900000151e+01,-2.434150155700000084e+01
1.603801801799999893e+01,-4.348454461099999691e+01,-2.276979455400000063e+01,-2.298587515799999892e+01,-3.325902918900000316e+01,-2.250209293700000046e+01
1.605802802799999895e+01,-4.103928282100000047e+01,-3.880392096900000354e+01,-2.459943437300000113e+01,-3.910733937799999893e+01,-2.463900781899999970e+01
1.607803803799999898e+01,-4.566709254999999956e+01,-4.279214337900000231e+01,-2.170598414299999845e+01,-3.244744159599999733e+01,-2.494051918099999909e+01
1.609804804799999900e+01,-4.598110690099999687e+01,-2.666353381800000122e+01,-2.908033787999999831e+01,-3.419317446899999879e+01,-2.450940918899999943e+01
1.611805805799999902e+01,-3.989384920199999840e+01,-3.671211744200000027e+01,-2.542798674000000148e+01,-4.308844614899999925e+01,-2.365453624499999918e+01
1.613806806799999904e+01,-3.621812286600000164e+01,-2.390351927500000073e+01,-2.101996576000000161e+01,-4.730725079900000196e+01,-2.691655834999999897e+01
1.615807807799999907e+01,-3.334246838600000018e+01,-3.490970647700000029e+01,-2.423268565200000069e+01,-3.375575663299999718e+01,-2.627796694299999913e+01
1.617808808799999909e+01,-3.652082086299999730e+01,-4.392799244700000116e+01,-2.197216013199999907e+01,-4.128214734600000213e+01,-2.536942290400000033e+01
1.619809809799999911e+01,-2.821573980599999842e+01,-3.618934539400000006e+01,-2.169585060900000073e+01,-3.236236813299999682e+01,-3.159202521899999994e+01
1.621810810799999913e+01,-1.913984617199999860e+01,-3.063545184799999888e+01,-2.437709264100000084e+01,-4.229916278500000004e+01,-2.293368014500000029e+01
1.623811811799999916e+01,-4.025684732700000268e+01,-4.512850044799999694e+01,-2.572001802400000159e+01,-3.792211992200000026e+01,-2.606271443099999985e+01
1.625812812799999918e+01,-3.860826252900000100e+01,-2.492078868000000114e+01,-2.410765708399999951e+01,-4.155505560999999659e+01,-2.340673611900000139e+01
1.627813813799999920e+01,-3.471531930500000129e+01,-4.252822629799999987e+01,-2.560121640799999909e+01,-3.603705824499999721e+01,-2.827922508400000012e+01
1.629814814799999922e+01,-4.245950912699999691e+01,-4.809345463900000084e+01,-2.581327695999999960e+01,-4.095516192200000205e+01,-2.461415090699999908e+01
1.631815815799999925e+01,-3.649165083300000134e+01,-3.741028076500000310e+01,-2.620579863300000056e+01,-3.175033869800000019e+01,-2.048131070599999859e+01
1.633816816799999927e+01,-2.814220676700000112e+01,-3.351872722099999891e+01,-2.852357276700000099e+01,-4.794427341499999784e+01,-2.787185636199999905e+01
1.635817817799999929e+01,-3.736295511200000163e+01,-3.060806986000000052e+01,-2.847102621299999825e+01,-3.918660177299999958e+01,-3.090561917699999839e+01
1.637818818799999931e+01,-2.164384689399999928e+01,-2.646756564200000028e+01,-3.177678462200000098e+01,-3.445485649300000119e+01,-3.247711465199999736e+01
1.639819819799999934e+01,-3.432068980900000099e+01,-4.184513539400000326e+01,-3.063706684399999958e+01,-3.533999982600000322e+01,-3.063725476100000122e+01
1.641820820799999936e+01,-3.405842239900000123e+01,-2.063290363100000135e+01,-4.122133441199999737e+01,-3.235618450399999801e+01,-3.336711520800000130e+01
1.643821821799999938e+01,-3.269803440399999772e+01,-4.217469952799999788e+01,-3.638048105200000037e+01,-4.173668343300000316e+01,-2.306092491300000091e+01
1.645822822799999940e+01,-1.010351882700000026e+01,-3.578149870699999724e+01,-4.055173865199999739e+01,-3.448123708800000031e+01,-2.681366487600000070e+01
1.647823823799999943e+01,-3.557653494600000244e+01,-3.491840721199999820e+01,-3.422898467099999920e+01,-4.583088475600000322e+01,-4.983450645799999990e+01
1.649824824799999945e+01,-3.762150308900000084e+01,-3.908957489400000185e+01,-2.911625826799999928e+01,-3.695007403399999646e+01,-2.837487281299999964e+01
1.651825825799999947e+01,-3.571004732600000153e+01,-2.549061259000000135e+01,-3.615354180799999995e+01,-2.922008316999999877e+01,-2.689585570799999914e+01
1.653826826799999949e+01,-3.706711504999999818e+01,-2.790732783099999992e+01,-3.629204091599999771e+01,-6.031670520499999810e+01,-2.751024942200000112e+01
1.655827827799999952e+01,-3.181438623100000029e+01,-2.841282576200000065e+01,-2.984753858699999896e+01,-4.172319215800000336e+01,-3.268917923600000108e+01
1.657828828799999954e+01,-2.638616890000000126e+01,-3.470166317500000019e+01,-2.885014023200000111e+01,-3.927655266000000012e+01,-2.755532743199999857e+01
1.659829829799999956e+01,-2.510283897800000119e+01,-3.585589521100000354e+01,-2.763059319099999911e+01,-3.909518120199999913e+01,-2.749615734099999997e+01
1.661830830799999958e+01,-5.010418882300000121e+01,-3.097038912900000085e+01,-3.295914916800000327e+01,-3.178611622900000100e+01,-2.910799492900000018e+01
1.663831831799999961e+01,-3.106463687400000140e+01,-3.813829369700000171e+01,-3.085515210699999855e+01,-3.845696696699999961e+01,-3.360615536099999900e+01
1.665832832799999963e+01,-2.866390804599999953e+01,-2.659561699500000032e+01,-2.771531024700000145e+01,-3.799478360900000240e+01,-3.169264570200000009e+01
1.667833833799999965e+01,-3.505843748299999874e+01,-5.121689438199999955e+01,-3.304686033099999776e+01,-3.194726164200000085e+01,-2.825818643499999894e+01
1.669834834799999967e+01,-3.617665420200000170e+01,-3.320708276599999920e+01,-3.295564002599999753e+01,-4.208140511199999878e+01,-2.605618518900000069e+01
1.671835835799999970e+01,-3.045897000600000126e+01,-3.729202371499999913e+01,-3.422142594400000348e+01,-4.687913252500000283e+01,-2.744542970399999859e+01
1.673836836799999972e+01,-4.456982230599999895e+01,-3.974190686699999731e+01,-2.859836036800000159e+01,-3.326298326500000258e+01,-2.768254079800000156e+01
1.675837837799999974e+01,-2.399732342000000074e+01,-3.484524150800000086e+01,-2.764805070999999970e+01,-3.571521240500000260e+01,-3.109401654099999845e+01
1.677838838799999976e+01,-3.810697440100000222e+01,-3.591323532199999846e+01,-2.827062366499999868e+01,-3.955029230800000306e+01,-2.810227971300000149e+01
1.679839839799999979e+01,-3.058077791699999892e+01,-1.971263677500000000e+01,-3.133682799299999999e+01,-3.911096480399999820e+01,-3.200689072600000173e+01
1.681840840799999981e+01,-3.335412935299999759e+01,-2.972652453399999928e+01,-3.256705870599999741e+01,-3.597163733400000041e+01,-2.848805257100000077e+01
1.683841841799999983e+01,-2.838760744700000060e+01,-3.903345159500000250e+01,-3.160717370600000109e+01,-4.229655952400000274e+01,-2.349587753100000143e+01
1.685842842799999985e+01,-3.176888180999999989e+01,-3.805016639800000178e+01,-3.467140337800000083e+01,-3.211623331100000200e+01,-1.955677427799999890e+01
1.687843843799999988e+01,-3.322699439200000171e+01,-2.962091714600000003e+01,-3.538348893599999911e+01,-4.081359000100000145e+01,-2.413771874800000106e+01
1.689844844799999990e+01,-3.453314507300000002e+01,-3.656020087299999943e+01,-3.100865338399999871e+01,-3.937993930900000095e+01,-2.038158664399999864e+01
1.691845845799999992e+01,-3.640786726299999998e+01,-5.261227349800000042e+01,-2.968188565199999829e+01,-2.915711791500000061e+01,-2.914361192200000161e+01
1.693846846799999994e+01,-2.693016613600000042e+01,-4.570042682300000081e+01,-3.112048907000000142e+01,-3.874650441299999670e+01,-2.255983735499999909e+01
1.695847847799999997e+01,-2.773089299800000163e+01,-4.092999365000000012e+01,-2.734823493100000036e+01,-3.220862257000000284e+01,-1.168873352800000021e+01
1.697848848799999999e+01,-2.259289204399999917e+01,-3.128261880799999872e+01,-2.994469028399999999e+01,-4.699194245599999675e+01,-2.771042478500000072e+01
1.699849849800000001e+01,-3.713896237400000189e+01,-3.521188836999999694e+01,-2.064118004899999903e+01,-2.346664862000000085e+01,-2.453975921400000004e+01
1.701850850900000012e+01,-2.423330762000000149e+01,-4.171779297599999836e+01,-3.021642451499999993e+01,-3.111882883499999863e+01,-2.499594421600000160e+01
1.703851851900000014e+01,-2.654232126300000161e+01,-3.041328327100000095e+01,-3.557797582399999925e+01,-3.758413950300000295e+01,-2.277513292100000086e+01
1.705852852900000016e+01,-6.151942764000000352e+01,-2.686598191699999916e+01,-2.697207880899999921e+01,-4.070419694699999980e+01,-1.590677915400000053e+01
1.707853853900000018e+01,-3.965401440099999775e+01,-2.536806503200000051e+01,-2.801206848700000052e+01,-3.987450253899999808e+01,-2.837510708699999995e+01
1.709854854900000021e+01,-3.467152586200000286e+01,-3.259114591000000161e+01,-2.774698472200000054e+01,-3.370116519300000135e+01,-3.590889810000000182e+01
1.711855855900000023e+01,-3.647360128799999757e+01,-4.073175856200000311e+01,-2.572001995200000124e+01,-2.246058963200000136e+01,-2.196442554100000066e+01
1.713856856900000025e+01,-4.830461701400000152e+01,-3.227404169100000075e+01,-2.786466421100000090e+01,-3.304755085899999756e+01,-2.471473688200000041e+01
1.715857857900000027e+01,-2.978480277699999945e+01,-2.765801726400000149e+01,-2.043237899000000013e+01,-2.516677528800000019e+01,-3.105317377700000137e+01
1.717858858900000030e+01,-3.849550549700000346e+01,-3.186915155699999858e+01,-2.546882051900000121e+01,-4.843241023699999914e+01,-2.086679228899999927e+01
1.719859859900000032e+01,-4.795192715999999677e+01,-3.346793211899999676e+01,-2.878604180900000031e+01,-3.784122805500000197e+01,-2.918451495000000051e+01
1.721860860900000034e+01,-4.063262212499999748e+01,-3.420317180899999698e+01,-2.586671991200000065e+01,-3.370700597999999815e+01,-3.280065236400000117e+01
1.723861861900000036e+01,-2.562394163800000157e+01,-3.258296997600000111e+01,-2.769512560900000153e+01,-3.245083347500000315e+01,-2.904984058699999849e+01
1.725862862900000039e+01,-3.340262538199999653e+01,-3.151683322999999959e+01,-2.518928573199999832e+01,-4.075912775599999804e+01,-3.338638873499999704e+01
1.727863863900000041e+01,-3.341291904500000243e+01,-4.055870934000000005e+01,-2.304724051299999843e+01,-2.993294189399999894e+01,-2.615461434199999857e+01
1.729864864900000043e+01,-3.718976831300000185e+01,-3.021853434699999852e+01,-2.829143607099999969e+01,-3.854079352600000163e+01,-2.616426538199999996e+01
1.731865865900000045e+01,-3.239851535300000052e+01,-3.269304959099999763e+01,-2.166273231399999943e+01,-3.698067798099999948e+01,-1.440991405800000003e+01
1.733866866900000048e+01,-3.664304764300000272e+01,-3.612656313400000130e+01,-2.325711347500000059e+01,-2.539826408400000091e+01,-2.650738991400000089e+01
1.735867867900000050e+01,-5.005864698300000271e+01,-2.898002461700000154e+01,-2.517083639399999839e+01,-4.524454403299999683e+01,-2.881843685200000138e+01
1.737868868900000052e+01,-3.131927910099999934e+01,-3.518159692599999744e+01,-2.661919401600000157e+01,-3.642139998599999728e+01,-3.520708575399999773e+01
1.739869869900000054e+01,-3.315345734999999650e+01,-3.682556011100000148e+01,-2.411775044299999848e+01,-2.833823852500000129e+01,-2.870364623500000079e+01
1.741870870900000057e+01,-3.035081623600000000e+01,-3.032623682099999840e+01,-2.378771068900000074e+01,-3.092854236000000157e+01,-2.042129400099999970e+01
1.743871871900000059e+01,-3.421065651600000024e+01,-2.593584270799999913e+01,-2.709577361499999881e+01,-2.865783154600000060e+01,-3.043708635699999832e+01
1.745872872900000061e+01,-3.458912252199999671e+01,-3.025784218900000155e+01,-3.349651333399999942e+01,-2.894589170500000108e+01,-2.998719479700000079e+01
1.747873873900000063e+01,-3.302911828100000236e+01,-2.991724828699999961e+01,-2.304801932199999825e+01,-3.363844846700000346e+01,-1.703062779000000049e+01
1.749874874900000066e+01,-2.152086823200000154e+01,-3.625809475599999843e+01,-2.186764960400000035e+01,-3.772720712099999929e+01,-2.358865471100000022e+01
1.751875875900000068e+01,-3.367087367300000267e+01,-2.241145179800000165e+01,-2.527508890900000083e+01,-4.489708534599999723e+01,-2.674455674500000057e+01
1.753876876900000070e+01,-3.690680728400000277e+01,-4.164988890800000121e+01,-3.065945959200000104e+01,-2.930435353000000021e+01,-1.418616508000000032e+01
1.755877877900000072e+01,-3.486590988599999719e+01,-2.775802862200000121e+01,-2.373510534000000050e+01,-3.875166814100000323e+01,-2.354732555200000022e+01
1.757878878900000075e+01,-3.813827926999999818e+01,-3.219032862000000250e+01,-2.144314260299999830e+01,-2.507794308900000146e+01,-4.422325235200000293e+01
1.759879879900000077e+01,-3.439635456300000271e+01,-3.274202229000000131e+01,-2.116736701199999970e+01,-1.797698181299999831e+01,-2.451463845299999988e+01
1.761880880900000079e+01,-2.149536129599999867e+01,-3.637405573400000236e+01,-3.155234744999999918e+01,-4.039148723800000340e+01,-2.738011022899999958e+01
1.763881881900000081e+01,-4.550197833299999672e+01,-2.999474190300000132e+01,-2.782535695700000034e+01,-4.259889779400000265e+01,-2.965132920599999977e+01
1.765882882900000084e+01,-4.025727864400000300e+01,-3.862528593500000085e+01,-2.972859340700000175e+01,-3.694979505799999941e+01,-2.360405360200000047e+01
1.767883883900000086e+01,-2.756737878099999861e+01,-3.152843819199999942e+01,-2.920080185100000136e+01,-3.522531753799999876e+01,-2.619673626399999833e+01
1.769884884900000088e+01,-3.887189897799999727e+01,-3.172362200999999970e+01,-2.692180100999999937e+01,-3.224239858100000333e+01,-1.943450615300000095e+01
1.771885885900000090e+01,-4.072867479300000326e+01,-4.827443154600000241e+01,-2.785492440899999878e+01,-2.446801654800000136e+01,-1.270756927599999919e+01
1.773886886900000093e+01,-2.122253420699999893e+01,-2.837577550800000026e+01,-2.688792807300000121e+01,-3.553258315800000133e+01,-2.326715732199999920e+01
1.775887887900000095e+01,-4.574138280100000031e+01,-2.956800618600000163e+01,-3.706802213000000279e+01,-2.901067361699999836e+01,-3.551101030499999922e+01
1.777888888900000097e+01,-3.252400924399999838e+01,-4.162857750700000281e+01,-3.232666486400000139e+01,-2.956506324400000096e+01,-2.401046154300000168e+01
1.779889889900000099e+01,-4.909617846300000110e+01,-3.934213874699999991e+01,-2.010210316799999930e+01,-1.804253491100000062e+01,-1.424580652500000078e+01
1.781890890900000102e+01,-4.053141529700000234e+01,-4.046150252999999708e+01,-3.457136795000000262e+01,-3.121588003500000141e+01,-3.002997733899999844e+01
1.783891891900000104e+01,-2.695659168499999936e+01,-3.778217464400000125e+01,-2.938211391000000106e+01,-3.915316784099999836e+01,-2.911690512199999858e+01
1.785892892900000106e+01,-3.660817989400000272e+01,-2.180380893399999920e+01,-3.176535168499999884e+01,-3.272925570999999678e+01,-2.781111158899999936e+01
1.787893893900000108e+01,-4.444861784700000129e+01,-4.328732739400000185e+01,-2.721902418199999829e+01,-3.129531928500000149e+01,-3.355490952600000298e+01
1.789894894900000111e+01,-2.716014215699999923e+01,-2.841286970299999837e+01,-3.130873559200000145e+01,-2.743462072599999857e+01,-3.448162743099999972e+01
1.791895895900000113e+01,-4.116359360900000297e+01,-3.997282693399999687e+01,-2.875754708499999879e+01,-2.546022612999999879e+01,-3.442349514200000016e+01
1.793896896900000115e+01,-4.249751762000000355e+01,-3.511086347300000199e+01,-1.990515898499999992e+01,-9.509746563400000241e+00,-3.051995316200000019e+01
1.795897897900000117e+01,-3.187144868100000039e+01,-2.966192610899999949e+01,-2.667540413200000060e+01,-3.120807372399999835e+01,-2.970448324999999912e+01
1.797898898900000120e+01,-3.949647960299999738e+01,-2.527992621900000003e+01,-2.923996830900000177e+01,-3.090634571100000016e+01,-2.583739882000000065e+01
1.799899899900000122e+01,-3.489419534599999650e+01,-3.770137586100000249e+01,-2.062236924200000132e+01,-2.663812945400000132e+01,-2.052971162200000066e+01
1.801900900900000124e+01,-3.289485593399999885e+01,-3.135908495400000007e+01,-2.886909099600000062e+01,-2.777646064500000023e+01,-2.853832692199999954e+01
1.803901901900000126e+01,-3.689718650399999689e+01,-5.346960492600000237e+01,-3.151234362199999950e+01,-3.106976987699999881e+01,-3.225522507499999847e+01
1.805902902900000129e+01,-3.049510967399999828e+01,-2.062246354299999851e+01,-2.326692223799999937e+01,-2.806064353100000019e+01,-2.967626931599999907e+01
1.807903903900000131e+01,-4.127791210400000210e+01,-4.235318562900000217e+01,-3.036099859899999842e+01,-2.740845561800000141e+01,-3.066843698299999943e+01
1.809904904900000133e+01,-3.928964492000000064e+01,-3.991984704699999753e+01,-2.784724516800000060e+01,-2.992351106599999966e+01,-3.274228783600000270e+01
1.811905905900000135e+01,-2.928163734900000037e+01,-2.625197501899999963e+01,-2.685419287899999929e+01,-3.020338427200000098e+01,-2.546346893999999850e+01
1.813906906900000138e+01,-3.762176094099999801e+01,-3.669748305000000244e+01,-2.510738041100000117e+01,-3.030381291000000132e+01,-3.153980778400000062e+01
1.815907907900000140e+01,-2.872477250800000093e+01,-3.858266630300000344e+01,-2.529709851999999870e+01,-3.489234346199999948e+01,-3.509871605099999670e+01
1.817908908900000142e+01,-3.432490337000000125e+01,-5.014826796799999897e+01,-2.726409836199999859e+01,-3.308017645200000345e+01,-3.585126468800000055e+01
1.819909909900000144e+01,-3.500960317100000196e+01,-3.120048116099999902e+01,-2.351686177099999853e+01,-2.935430210099999826e+01,-2.371036815000000075e+01
1.821910910900000147e+01,-3.006311004999999881e+01,-4.297974412399999977e+01,-2.767663887899999864e+01,-3.915822616999999894e+01,-4.086547360600000189e+01
1.823911911900000149e+01,-3.450853367199999866e+01,-2.984113480299999921e+01,-2.337628450500000099e+01,-3.851125826300000199e+01,-3.063097422899999955e+01
1.825912912900000151e+01,-3.292330196500000028e+01,-4.787641234000000168e+01,-2.672402444800000154e+01,-3.873504763399999717e+01,-1.424044299100000011e+01
1.827913913900000153e+01,-3.988170001700000000e+01,-3.324797528700000271e+01,-2.454116075700000010e+01,-3.379783637599999935e+01,-4.352027415100000240e+01
1.829914914900000156e+01,-2.987093325700000079e+01,-3.653554779400000285e+01,-2.324289678899999956e+01,-4.052705031200000008e+01,-4.090407850900000142e+01
1.831915915900000158e+01,-1.731742285700000039e+01,-5.565102342499999821e+01,-2.635019902799999869e+01,-3.787284485400000023e+01,-3.372643113099999823e+01
1.833916916900000160e+01,-2.940467634599999869e+01,-2.730418419900000160e+01,-2.418640721299999896e+01,-2.732675616299999888e+01,-3.693620723000000083e+01
1.835917917900000162e+01,-1.682461688000000066e+01,-2.415392222099999842e+01,-2.718154454400000120e+01,-3.427663362799999902e+01,-3.569622381500000330e+01
1.837918918900000165e+01,-3.337440447600000226e+01,-3.736413460699999689e+01,-2.602975155200000046e+01,-4.486096861099999700e+01,-3.572343354000000204e+01
1.839919919900000167e+01,-3.397720550599999711e+01,-4.120217041200000097e+01,-3.409381876999999861e+01,-3.119271024300000050e+01,-4.056144719200000281e+01
1.841920920900000169e+01,-2.077273357400000009e+01,-3.672881778600000047e+01,-2.850544876500000058e+01,-3.021434420099999940e+01,-3.956466730999999726e+01
1.843921921900000171e+01,-2.697171083699999983e+01,-3.404441067700000190e+01,-3.293822221500000325e+01,-2.677879949400000115e+01,-4.239222073500000221e+01
1.845922922900000174e+01,-3.142613123499999972e+01,-2.996316541199999861e+01,-3.129279370100000079e+01,-3.179077276499999982e+01,-4.005144495999999776e+01
1.847923923900000176e+01,-3.783217332899999974e+01,-3.630678211899999752e+01,-2.480875828900000002e+01,-3.782372054999999733e+01,-2.970967557799999881e+01
1.849924924899999823e+01,-4.296877495999999752e+01,-3.927177931100000308e+01,-2.572525089799999876e+01,-3.806498800199999977e+01,-2.781085506300000176e+01
1.851925925899999825e+01,-3.130836237800000177e+01,-4.344811570099999898e+01,-3.698100148700000034e+01,-3.408584653799999842e+01,-2.830536130300000153e+01
1.853926926899999827e+01,-3.366711676300000278e+01,-2.913665277300000156e+01,-2.037048416600000067e+01,-2.373905614699999944e+01,-2.804538358299999956e+01
1.855927927899999830e+01,-5.446778696799999864e+01,-3.981298598400000088e+01,-3.025008934699999941e+01,-3.465171481000000142e+01,-3.700483157899999753e+01
1.857928928899999832e+01,-2.742489747400000155e+01,-2.700603987599999911e+01,-2.903321140499999942e+01,-3.170136486499999862e+01,-3.233062731399999734e+01
1.859929929899999834e+01,-3.333352573300000188e+01,-4.460379322299999671e+01,-2.900124922499999869e+01,-2.495605735999999908e+01,-2.699126166099999935e+01
1.861930930899999836e+01,-2.979496635799999993e+01,-3.272297347500000342e+01,-3.075577543200000008e+01,-3.209668570899999906e+01,-4.098574083999999829e+01
1.863931931899999839e+01,-2.300939315400000140e+01,-3.579551587000000268e+01,-2.625941124899999934e+01,-3.815020478499999967e+01,-3.514875904499999848e+01
1.865932932899999841e+01,-3.512139885399999883e+01,-3.142389302500000170e+01,-2.332461636500000068e+01,-3.569194565000000097e+01,-3.114788224000000127e+01
1.867933933899999843e+01,-3.347620228400000286e+01,-4.651833013000000250e+01,-2.680373995900000139e+01,-1.659754573200000038e+01,-1.417306581000000065e+01
1.869934934899999845e+01,-2.913747521899999882e+01,-4.036217528400000276e+01,-2.785769900800000087e+01,-3.121360384800000176e+01,-3.537369175900000329e+01
1.871935935899999848e+01,-2.859591067999999936e+01,-4.374402139200000050e+01,-1.881389153199999953e+01,-1.932226034700000028e+01,-4.359701340699999861e+01
1.873936936899999850e+01,-2.250662246699999969e+01,-3.575696545600000320e+01,-3.202876522700000095e+01,-2.605581030000000098e+01,-2.449503542800000133e+01
1.875937937899999852e+01,-4.044601033299999671e+01,-3.496691214799999869e+01,-2.765705611399999952e+01,-2.846129685300000034e+01,-2.668151598500000077e+01
1.877938938899999854e+01,-3.544096318999999795e+01,-4.973811505900000185e+01,-2.765046316899999823e+01,-2.635676550899999881e+01,-2.936404021099999895e+01
1.879939939899999857e+01,-3.447153947599999668e+01,-2.412224089400000082e+01,-4.476340594700000253e+01,-3.427882915499999683e+01,-2.557508495300000106e+01
1.881940940899999859e+01,-3.577300670399999660e+01,-4.437601658500000212e+01,-3.933920398699999765e+01,-3.640943311000000193e+01,-2.447941091599999908e+01
1.883941941899999861e+01,-5.266962563300000255e+01,-5.116228768999999943e+01,-3.614259564000000324e+01,-2.927196627100000015e+01,-3.174437222699999950e+01
1.885942942899999863e+01,-2.355573632000000117e+01,-4.013770979899999958e+01,-8.153714984400000532e+00,-2.245993422800000161e+01,-1.147784693999999917e+01
1.887943943899999866e+01,-3.145709440599999951e+01,-3.482617455300000131e+01,-3.502545447800000034e+01,-3.294547032599999881e+01,-2.495794193600000099e+01
1.889944944899999868e+01,-4.129280297500000074e+01,-5.184685604199999887e+01,-3.073834215899999833e+01,-3.572001708399999842e+01,-3.112464851000000010e+01
1.891945945899999870e+01,-2.759933057800000000e+01,-3.140266993599999878e+01,-2.908188040900000004e+01,-3.440169366800000006e+01,-3.062587548400000159e+01
1.893946946899999872e+01,-3.864578804199999951e+01,-5.091739638300000337e+01,-3.272064874299999815e+01,-2.903028529899999910e+01,-5.856626001499999745e+01
1.895947947899999875e+01,-3.530508342099999908e+01,-5.383036654499999685e+01,-2.486985754000000171e+01,-2.721394676699999948e+01,-3.925985793299999926e+01
1.897948948899999877e+01,-1.121695335499999935e+01,-2.488137025800000046e+01,-2.527467646899999920e+01,-3.556190068400000115e+01,-2.519306871399999892e+01
1.899949949899999879e+01,-3.491657117300000124e+01,-7.118186851599999443e+01,-2.832888966799999864e+01,-2.943055668199999886e+01,-3.603932815799999645e+01
1.901950950999999890e+01,-5.493817239399999863e+01,-4.231504634400000242e+01,-3.437096460499999750e+01,-3.426981277600000197e+01,-3.862802698600000184e+01
1.903951951999999892e+01,-3.373312849999999941e+01,-2.709034486399999864e+01,-9.283664864700000408e+00,-2.022607894900000147e+01,-2.541423571900000056e+01
1.905952952999999894e+01,-3.823018622000000022e+01,-4.337066919400000131e+01,-3.939849824000000211e+01,-2.272423033300000128e+01,-2.318565938600000109e+01
1.907953953999999896e+01,-2.823363100499999945e+01,-4.740645929600000130e+01,-3.388782048400000235e+01,-1.952376885299999998e+01,-2.525301475899999915e+01
1.909954954999999899e+01,-2.665114540700000134e+01,-3.425835545099999990e+01,-1.813720778000000067e+01,-1.635749597899999941e+01,-8.570740233300000455e+00
1.911955955999999901e+01,-3.504569586299999884e+01,-4.828217324599999927e+01,-3.964722172199999761e+01,-5.196073590400000342e+01,-3.090152159599999848e+01
1.913956956999999903e+01,-2.968409203099999871e+01,-2.968602975199999960e+01,-3.644279152200000027e+01,-5.078643723199999727e+01,-1.954302374199999903e+01
1.915957957999999905e+01,-3.511167378900000102e+01,-4.279297540799999666e+01,-2.435308165300000027e+01,-3.471282016600000020e+01,-2.760115115900000049e+01
1.917958958999999908e+01,-3.645039444399999695e+01,-3.997461537000000220e+01,-3.263266547799999984e+01,-3.355569109200000355e+01,-3.875726230800000138e+01
1.919959959999999910e+01,-2.549271539400000108e+01,-1.748887222999999835e+01,-2.282649683400000029e+01,-1.057868411199999947e+01,-1.329583697300000011e+01
1.921960960999999912e+01,-3.625231898599999880e+01,-5.023759373000000039e+01,-3.245179913599999821e+01,-3.491114354300000144e+01,-2.865302922600000102e+01
1.923961961999999914e+01,-3.627403398300000248e+01,-5.116483486900000344e+01,-3.363739975000000015e+01,-3.574973618599999980e+01,-3.540360359000000301e+01
1.925962962999999917e+01,-2.579957130400000054e+01,-2.384190055299999855e+01,-2.547516912100000042e+01,-3.835745370000000065e+01,-3.083785512700000098e+01
1.927963963999999919e+01,-6.907772223300000292e+01,-4.410651922899999988e+01,-4.031727365500000104e+01,-3.537458445299999710e+01,-4.699935207499999734e+01
1.929964964999999921e+01,-4.077317320099999876e+01,-4.854204313599999665e+01,-2.981307811399999963e+01,-3.678220431500000132e+01,-4.673293900499999864e+01
1.931965965999999923e+01,-3.613848608600000034e+01,-4.985528953899999749e+01,-3.667336275400000289e+01,-3.634997191899999791e+01,-4.507913343399999917e+01
1.933966966999999926e+01,-4.239699627499999934e+01,-4.104389685000000298e+01,-2.764931367399999829e+01,-2.917926381499999877e+01,-4.956466933600000146e+01
1.935967967999999928e+01,-3.823266228199999972e+01,-4.112416212499999801e+01,-2.766354771800000023e+01,-3.549385772600000166e+01,-3.484105931300000236e+01
1.937968968999999930e+01,-2.789650637600000138e+01,-3.471993509100000352e+01,-3.220174382999999807e+01,-3.052406490499999947e+01,-3.118585518800000145e+01
1.939969969999999932e+01,-4.078689479900000237e+01,-4.718297048899999879e+01,-3.838050180900000186e+01,-2.655778366099999843e+01,-4.537549171999999942e+01
1.941970970999999935e+01,-5.064121602099999819e+01,-6.838793826200000581e+01,-1.675325039799999871e+01,-3.291080267499999934e+01,-3.626692888899999900e+01
1.943971971999999937e+01,-2.534965899499999864e+01,-3.189961520099999959e+01,-2.639629466399999913e+01,-2.899421690899999859e+01,-3.133485664999999898e+01
1.945972972999999939e+01,-3.908303974900000100e+01,-6.037412782900000252e+01,-2.852277412999999839e+01,-2.970705313799999914e+01,-3.152107619299999897e+01
1.947973973999999941e+01,-3.457806418199999854e+01,-3.881171091600000267e+01,-2.703135273299999852e+01,-4.615679352800000146e+01,-3.859868175900000153e+01
1.949974974999999944e+01,-2.716786167000000063e+01,-3.983243385099999756e+01,-1.331906777300000044e+01,-3.883056239999999804e+01,-2.788595684099999872e+01
1.951975975999999946e+01,-4.506387521599999957e+01,-4.724852825199999984e+01,-2.801403079399999996e+01,-4.667498771199999652e+01,-4.551541267099999999e+01
1.953976976999999948e+01,-3.501025121100000348e+01,-3.271466842400000274e+01,2.948817609900000192e-01,-1.282751096299999993e+01,3.617698306699999922e+00
1.955977977999999950e+01,-3.005589660300000077e+01,-3.353420515900000254e+01,-2.206237473899999912e+01,-3.950049437900000271e+01,-5.131295741899999996e+01
1.957978978999999953e+01,-4.704396047899999900e+01,-4.726580948000000149e+01,-3.540373663799999804e+01,-3.246279050399999733e+01,-3.181763154200000088e+01
1.959979979999999955e+01,-2.117897787400000098e+01,-3.865824094199999905e+01,-2.384571108100000103e+01,-3.112141999199999987e+01,-2.676994344899999945e+01
1.961980980999999957e+01,-3.915967474100000345e+01,-3.309093967199999753e+01,-1.888453869599999990e+01,-3.330939981200000233e+01,-2.550631494399999966e+01
1.963981981999999959e+01,-4.196949448499999846e+01,-4.271511294599999786e+01,-2.814588732400000026e+01,-4.604457431200000173e+01,-3.086643374799999862e+01
1.965982982999999962e+01,-4.245661854800000157e+01,-2.984177943599999949e+01,-1.927956382400000024e+01,-1.077082637200000015e+01,-1.331455550399999943e+01
1.967983983999999964e+01,-4.064782602500000053e+01,-5.002193049899999977e+01,-2.400920945800000084e+01,-2.885480030500000126e+01,-4.542178359799999754e+01
1.969984984999999966e+01,-4.193648941400000041e+01,-5.371269410699999725e+01,-3.380943939299999812e+01,-3.564673037400000055e+01,-3.590753163800000181e+01
1.971985985999999968e+01,-2.330680735500000011e+01,-3.165124618999999839e+01,-4.410398032900000231e+01,-3.422097300000000075e+01,-3.547348582400000083e+01
1.973986986999999971e+01,-5.111387465800000030e+01,-3.970759886399999772e+01,-2.534111308199999968e+01,-2.276578019700000155e+01,-3.758218786999999850e+01
1.975987987999999973e+01,-6.332253776600000350e+01,-3.978538397399999837e+01,-3.842529621500000303e+01,-4.642382764999999978e+01,-3.416200830799999721e+01
1.977988988999999975e+01,-3.247286789599999679e+01,-3.683895430100000112e+01,-4.039327482699999905e+01,-3.603698741499999869e+01,-2.482561572399999861e+01
1.979989989999999977e+01,-5.111361508000000242e+01,-5.560257536999999672e+01,-2.892501991199999978e+01,-6.074625454499999933e+01,-2.998208056500000041e+01
1.981990990999999980e+01,-4.211701883199999941e+01,-3.588478364800000264e+01,-1.529575684299999949e+01,-2.380644900000000064e+01,-2.398496488800000037e+01
1.983991991999999982e+01,-3.870291192799999891e+01,-3.494663932699999975e+01,-3.486839623000000188e+01,-3.049009567699999934e+01,-3.871452181400000114e+01
1.985992992999999984e+01,-4.397178356599999915e+01,-5.507708526399999727e+01,-2.596000711099999947e+01,-2.977000385299999863e+01,-4.759709033400000067e+01
1.987993993999999986e+01,-2.554411142500000054e+01,-5.084660886700000049e+01,-2.187282317300000045e+01,-3.680747023699999687e+01,-3.917968285500000292e+01
1.989994994999999989e+01,-5.076794109800000143e+01,-3.791607348000000144e+01,-3.001529411299999950e+01,-3.361056711399999841e+01,-3.096128559099999933e+01
1.991995995999999991e+01,-5.472553010299999698e+01,-4.119767542000000304e+01,-2.290501864499999840e+01,-1.706661668899999995e+01,-3.026098371999999870e+01
1.993996996999999993e+01,-3.067881297699999976e+01,-4.020814263399999788e+01,-3.950049429900000320e+01,-3.022234627899999992e+01,-2.627856517800000091e+01
1.995997997999999995e+01,-3.266478657999999768e+01,-4.083001837599999817e+01,-3.365149135899999777e+01,-4.660878834199999687e+01,-6.708257441799999299e+01
1.997998998999999998e+01,-4.103408278999999936e+01,-6.234910422000000096e+01,-2.587510067199999853e+01,-4.601826510800000136e+01,-3.985089453999999876e+01
2.000000000000000000e+01,-2.027683541300000059e+01,-2.619888748099999987e+01,-2.887718817600000065e+01,-3.843967631900000015e+01,-2.810019394200000065e+01
